rep,fM1_pop,omega_fM1,theta_pop,omega_theta,mu_1_pop,mu_2_pop,mu_3_pop,mu_4_pop,mu_5_pop,omega_mu_1,omega_mu_2,omega_mu_3,omega_mu_4,omega_mu_5,delta_V,delta_S,delta_Ab,alpha_1,alpha_2,alpha_3,alpha_4,alpha_5,sigma_Ab,sigma_1,sigma_2,sigma_3,sigma_4,sigma_5,group
1,4.5,0.8,18.7,0.5,0.91,0.49,0.26,1.64,1.34,0.65,0.27,0.51,0.57,0.98,2.7,0.01,0.03,0.1,0.23,0.54,0.32,0.18,0.23,0.1,0.1,0.1,0.1,0.1,simulationGroup1
2,4.5,0.8,18.7,0.5,0.91,0.49,0.26,1.64,1.34,0.65,0.27,0.51,0.57,0.98,2.7,0.01,0.03,0.1,0.23,0.54,0.32,0.18,0.23,0.1,0.1,0.1,0.1,0.1,simulationGroup1
3,4.5,0.8,18.7,0.5,0.91,0.49,0.26,1.64,1.34,0.65,0.27,0.51,0.57,0.98,2.7,0.01,0.03,0.1,0.23,0.54,0.32,0.18,0.23,0.1,0.1,0.1,0.1,0.1,simulationGroup1
4,4.5,0.8,18.7,0.5,0.91,0.49,0.26,1.64,1.34,0.65,0.27,0.51,0.57,0.98,2.7,0.01,0.03,0.1,0.23,0.54,0.32,0.18,0.23,0.1,0.1,0.1,0.1,0.1,simulationGroup1
5,4.5,0.8,18.7,0.5,0.91,0.49,0.26,1.64,1.34,0.65,0.27,0.51,0.57,0.98,2.7,0.01,0.03,0.1,0.23,0.54,0.32,0.18,0.23,0.1,0.1,0.1,0.1,0.1,simulationGroup1
6,4.5,0.8,18.7,0.5,0.91,0.49,0.26,1.64,1.34,0.65,0.27,0.51,0.57,0.98,2.7,0.01,0.03,0.1,0.23,0.54,0.32,0.18,0.23,0.1,0.1,0.1,0.1,0.1,simulationGroup1
7,4.5,0.8,18.7,0.5,0.91,0.49,0.26,1.64,1.34,0.65,0.27,0.51,0.57,0.98,2.7,0.01,0.03,0.1,0.23,0.54,0.32,0.18,0.23,0.1,0.1,0.1,0.1,0.1,simulationGroup1
8,4.5,0.8,18.7,0.5,0.91,0.49,0.26,1.64,1.34,0.65,0.27,0.51,0.57,0.98,2.7,0.01,0.03,0.1,0.23,0.54,0.32,0.18,0.23,0.1,0.1,0.1,0.1,0.1,simulationGroup1
9,4.5,0.8,18.7,0.5,0.91,0.49,0.26,1.64,1.34,0.65,0.27,0.51,0.57,0.98,2.7,0.01,0.03,0.1,0.23,0.54,0.32,0.18,0.23,0.1,0.1,0.1,0.1,0.1,simulationGroup1
10,4.5,0.8,18.7,0.5,0.91,0.49,0.26,1.64,1.34,0.65,0.27,0.51,0.57,0.98,2.7,0.01,0.03,0.1,0.23,0.54,0.32,0.18,0.23,0.1,0.1,0.1,0.1,0.1,simulationGroup1
11,4.5,0.8,18.7,0.5,0.91,0.49,0.26,1.64,1.34,0.65,0.27,0.51,0.57,0.98,2.7,0.01,0.03,0.1,0.23,0.54,0.32,0.18,0.23,0.1,0.1,0.1,0.1,0.1,simulationGroup1
12,4.5,0.8,18.7,0.5,0.91,0.49,0.26,1.64,1.34,0.65,0.27,0.51,0.57,0.98,2.7,0.01,0.03,0.1,0.23,0.54,0.32,0.18,0.23,0.1,0.1,0.1,0.1,0.1,simulationGroup1
13,4.5,0.8,18.7,0.5,0.91,0.49,0.26,1.64,1.34,0.65,0.27,0.51,0.57,0.98,2.7,0.01,0.03,0.1,0.23,0.54,0.32,0.18,0.23,0.1,0.1,0.1,0.1,0.1,simulationGroup1
14,4.5,0.8,18.7,0.5,0.91,0.49,0.26,1.64,1.34,0.65,0.27,0.51,0.57,0.98,2.7,0.01,0.03,0.1,0.23,0.54,0.32,0.18,0.23,0.1,0.1,0.1,0.1,0.1,simulationGroup1
15,4.5,0.8,18.7,0.5,0.91,0.49,0.26,1.64,1.34,0.65,0.27,0.51,0.57,0.98,2.7,0.01,0.03,0.1,0.23,0.54,0.32,0.18,0.23,0.1,0.1,0.1,0.1,0.1,simulationGroup1
16,4.5,0.8,18.7,0.5,0.91,0.49,0.26,1.64,1.34,0.65,0.27,0.51,0.57,0.98,2.7,0.01,0.03,0.1,0.23,0.54,0.32,0.18,0.23,0.1,0.1,0.1,0.1,0.1,simulationGroup1
17,4.5,0.8,18.7,0.5,0.91,0.49,0.26,1.64,1.34,0.65,0.27,0.51,0.57,0.98,2.7,0.01,0.03,0.1,0.23,0.54,0.32,0.18,0.23,0.1,0.1,0.1,0.1,0.1,simulationGroup1
18,4.5,0.8,18.7,0.5,0.91,0.49,0.26,1.64,1.34,0.65,0.27,0.51,0.57,0.98,2.7,0.01,0.03,0.1,0.23,0.54,0.32,0.18,0.23,0.1,0.1,0.1,0.1,0.1,simulationGroup1
19,4.5,0.8,18.7,0.5,0.91,0.49,0.26,1.64,1.34,0.65,0.27,0.51,0.57,0.98,2.7,0.01,0.03,0.1,0.23,0.54,0.32,0.18,0.23,0.1,0.1,0.1,0.1,0.1,simulationGroup1
20,4.5,0.8,18.7,0.5,0.91,0.49,0.26,1.64,1.34,0.65,0.27,0.51,0.57,0.98,2.7,0.01,0.03,0.1,0.23,0.54,0.32,0.18,0.23,0.1,0.1,0.1,0.1,0.1,simulationGroup1
21,4.5,0.8,18.7,0.5,0.91,0.49,0.26,1.64,1.34,0.65,0.27,0.51,0.57,0.98,2.7,0.01,0.03,0.1,0.23,0.54,0.32,0.18,0.23,0.1,0.1,0.1,0.1,0.1,simulationGroup1
22,4.5,0.8,18.7,0.5,0.91,0.49,0.26,1.64,1.34,0.65,0.27,0.51,0.57,0.98,2.7,0.01,0.03,0.1,0.23,0.54,0.32,0.18,0.23,0.1,0.1,0.1,0.1,0.1,simulationGroup1
23,4.5,0.8,18.7,0.5,0.91,0.49,0.26,1.64,1.34,0.65,0.27,0.51,0.57,0.98,2.7,0.01,0.03,0.1,0.23,0.54,0.32,0.18,0.23,0.1,0.1,0.1,0.1,0.1,simulationGroup1
24,4.5,0.8,18.7,0.5,0.91,0.49,0.26,1.64,1.34,0.65,0.27,0.51,0.57,0.98,2.7,0.01,0.03,0.1,0.23,0.54,0.32,0.18,0.23,0.1,0.1,0.1,0.1,0.1,simulationGroup1
25,4.5,0.8,18.7,0.5,0.91,0.49,0.26,1.64,1.34,0.65,0.27,0.51,0.57,0.98,2.7,0.01,0.03,0.1,0.23,0.54,0.32,0.18,0.23,0.1,0.1,0.1,0.1,0.1,simulationGroup1
26,4.5,0.8,18.7,0.5,0.91,0.49,0.26,1.64,1.34,0.65,0.27,0.51,0.57,0.98,2.7,0.01,0.03,0.1,0.23,0.54,0.32,0.18,0.23,0.1,0.1,0.1,0.1,0.1,simulationGroup1
27,4.5,0.8,18.7,0.5,0.91,0.49,0.26,1.64,1.34,0.65,0.27,0.51,0.57,0.98,2.7,0.01,0.03,0.1,0.23,0.54,0.32,0.18,0.23,0.1,0.1,0.1,0.1,0.1,simulationGroup1
28,4.5,0.8,18.7,0.5,0.91,0.49,0.26,1.64,1.34,0.65,0.27,0.51,0.57,0.98,2.7,0.01,0.03,0.1,0.23,0.54,0.32,0.18,0.23,0.1,0.1,0.1,0.1,0.1,simulationGroup1
29,4.5,0.8,18.7,0.5,0.91,0.49,0.26,1.64,1.34,0.65,0.27,0.51,0.57,0.98,2.7,0.01,0.03,0.1,0.23,0.54,0.32,0.18,0.23,0.1,0.1,0.1,0.1,0.1,simulationGroup1
30,4.5,0.8,18.7,0.5,0.91,0.49,0.26,1.64,1.34,0.65,0.27,0.51,0.57,0.98,2.7,0.01,0.03,0.1,0.23,0.54,0.32,0.18,0.23,0.1,0.1,0.1,0.1,0.1,simulationGroup1
31,4.5,0.8,18.7,0.5,0.91,0.49,0.26,1.64,1.34,0.65,0.27,0.51,0.57,0.98,2.7,0.01,0.03,0.1,0.23,0.54,0.32,0.18,0.23,0.1,0.1,0.1,0.1,0.1,simulationGroup1
32,4.5,0.8,18.7,0.5,0.91,0.49,0.26,1.64,1.34,0.65,0.27,0.51,0.57,0.98,2.7,0.01,0.03,0.1,0.23,0.54,0.32,0.18,0.23,0.1,0.1,0.1,0.1,0.1,simulationGroup1
33,4.5,0.8,18.7,0.5,0.91,0.49,0.26,1.64,1.34,0.65,0.27,0.51,0.57,0.98,2.7,0.01,0.03,0.1,0.23,0.54,0.32,0.18,0.23,0.1,0.1,0.1,0.1,0.1,simulationGroup1
34,4.5,0.8,18.7,0.5,0.91,0.49,0.26,1.64,1.34,0.65,0.27,0.51,0.57,0.98,2.7,0.01,0.03,0.1,0.23,0.54,0.32,0.18,0.23,0.1,0.1,0.1,0.1,0.1,simulationGroup1
35,4.5,0.8,18.7,0.5,0.91,0.49,0.26,1.64,1.34,0.65,0.27,0.51,0.57,0.98,2.7,0.01,0.03,0.1,0.23,0.54,0.32,0.18,0.23,0.1,0.1,0.1,0.1,0.1,simulationGroup1
36,4.5,0.8,18.7,0.5,0.91,0.49,0.26,1.64,1.34,0.65,0.27,0.51,0.57,0.98,2.7,0.01,0.03,0.1,0.23,0.54,0.32,0.18,0.23,0.1,0.1,0.1,0.1,0.1,simulationGroup1
37,4.5,0.8,18.7,0.5,0.91,0.49,0.26,1.64,1.34,0.65,0.27,0.51,0.57,0.98,2.7,0.01,0.03,0.1,0.23,0.54,0.32,0.18,0.23,0.1,0.1,0.1,0.1,0.1,simulationGroup1
38,4.5,0.8,18.7,0.5,0.91,0.49,0.26,1.64,1.34,0.65,0.27,0.51,0.57,0.98,2.7,0.01,0.03,0.1,0.23,0.54,0.32,0.18,0.23,0.1,0.1,0.1,0.1,0.1,simulationGroup1
39,4.5,0.8,18.7,0.5,0.91,0.49,0.26,1.64,1.34,0.65,0.27,0.51,0.57,0.98,2.7,0.01,0.03,0.1,0.23,0.54,0.32,0.18,0.23,0.1,0.1,0.1,0.1,0.1,simulationGroup1
40,4.5,0.8,18.7,0.5,0.91,0.49,0.26,1.64,1.34,0.65,0.27,0.51,0.57,0.98,2.7,0.01,0.03,0.1,0.23,0.54,0.32,0.18,0.23,0.1,0.1,0.1,0.1,0.1,simulationGroup1
41,4.5,0.8,18.7,0.5,0.91,0.49,0.26,1.64,1.34,0.65,0.27,0.51,0.57,0.98,2.7,0.01,0.03,0.1,0.23,0.54,0.32,0.18,0.23,0.1,0.1,0.1,0.1,0.1,simulationGroup1
42,4.5,0.8,18.7,0.5,0.91,0.49,0.26,1.64,1.34,0.65,0.27,0.51,0.57,0.98,2.7,0.01,0.03,0.1,0.23,0.54,0.32,0.18,0.23,0.1,0.1,0.1,0.1,0.1,simulationGroup1
43,4.5,0.8,18.7,0.5,0.91,0.49,0.26,1.64,1.34,0.65,0.27,0.51,0.57,0.98,2.7,0.01,0.03,0.1,0.23,0.54,0.32,0.18,0.23,0.1,0.1,0.1,0.1,0.1,simulationGroup1
44,4.5,0.8,18.7,0.5,0.91,0.49,0.26,1.64,1.34,0.65,0.27,0.51,0.57,0.98,2.7,0.01,0.03,0.1,0.23,0.54,0.32,0.18,0.23,0.1,0.1,0.1,0.1,0.1,simulationGroup1
45,4.5,0.8,18.7,0.5,0.91,0.49,0.26,1.64,1.34,0.65,0.27,0.51,0.57,0.98,2.7,0.01,0.03,0.1,0.23,0.54,0.32,0.18,0.23,0.1,0.1,0.1,0.1,0.1,simulationGroup1
46,4.5,0.8,18.7,0.5,0.91,0.49,0.26,1.64,1.34,0.65,0.27,0.51,0.57,0.98,2.7,0.01,0.03,0.1,0.23,0.54,0.32,0.18,0.23,0.1,0.1,0.1,0.1,0.1,simulationGroup1
47,4.5,0.8,18.7,0.5,0.91,0.49,0.26,1.64,1.34,0.65,0.27,0.51,0.57,0.98,2.7,0.01,0.03,0.1,0.23,0.54,0.32,0.18,0.23,0.1,0.1,0.1,0.1,0.1,simulationGroup1
48,4.5,0.8,18.7,0.5,0.91,0.49,0.26,1.64,1.34,0.65,0.27,0.51,0.57,0.98,2.7,0.01,0.03,0.1,0.23,0.54,0.32,0.18,0.23,0.1,0.1,0.1,0.1,0.1,simulationGroup1
49,4.5,0.8,18.7,0.5,0.91,0.49,0.26,1.64,1.34,0.65,0.27,0.51,0.57,0.98,2.7,0.01,0.03,0.1,0.23,0.54,0.32,0.18,0.23,0.1,0.1,0.1,0.1,0.1,simulationGroup1
50,4.5,0.8,18.7,0.5,0.91,0.49,0.26,1.64,1.34,0.65,0.27,0.51,0.57,0.98,2.7,0.01,0.03,0.1,0.23,0.54,0.32,0.18,0.23,0.1,0.1,0.1,0.1,0.1,simulationGroup1
51,4.5,0.8,18.7,0.5,0.91,0.49,0.26,1.64,1.34,0.65,0.27,0.51,0.57,0.98,2.7,0.01,0.03,0.1,0.23,0.54,0.32,0.18,0.23,0.1,0.1,0.1,0.1,0.1,simulationGroup1
52,4.5,0.8,18.7,0.5,0.91,0.49,0.26,1.64,1.34,0.65,0.27,0.51,0.57,0.98,2.7,0.01,0.03,0.1,0.23,0.54,0.32,0.18,0.23,0.1,0.1,0.1,0.1,0.1,simulationGroup1
53,4.5,0.8,18.7,0.5,0.91,0.49,0.26,1.64,1.34,0.65,0.27,0.51,0.57,0.98,2.7,0.01,0.03,0.1,0.23,0.54,0.32,0.18,0.23,0.1,0.1,0.1,0.1,0.1,simulationGroup1
54,4.5,0.8,18.7,0.5,0.91,0.49,0.26,1.64,1.34,0.65,0.27,0.51,0.57,0.98,2.7,0.01,0.03,0.1,0.23,0.54,0.32,0.18,0.23,0.1,0.1,0.1,0.1,0.1,simulationGroup1
55,4.5,0.8,18.7,0.5,0.91,0.49,0.26,1.64,1.34,0.65,0.27,0.51,0.57,0.98,2.7,0.01,0.03,0.1,0.23,0.54,0.32,0.18,0.23,0.1,0.1,0.1,0.1,0.1,simulationGroup1
56,4.5,0.8,18.7,0.5,0.91,0.49,0.26,1.64,1.34,0.65,0.27,0.51,0.57,0.98,2.7,0.01,0.03,0.1,0.23,0.54,0.32,0.18,0.23,0.1,0.1,0.1,0.1,0.1,simulationGroup1
57,4.5,0.8,18.7,0.5,0.91,0.49,0.26,1.64,1.34,0.65,0.27,0.51,0.57,0.98,2.7,0.01,0.03,0.1,0.23,0.54,0.32,0.18,0.23,0.1,0.1,0.1,0.1,0.1,simulationGroup1
58,4.5,0.8,18.7,0.5,0.91,0.49,0.26,1.64,1.34,0.65,0.27,0.51,0.57,0.98,2.7,0.01,0.03,0.1,0.23,0.54,0.32,0.18,0.23,0.1,0.1,0.1,0.1,0.1,simulationGroup1
59,4.5,0.8,18.7,0.5,0.91,0.49,0.26,1.64,1.34,0.65,0.27,0.51,0.57,0.98,2.7,0.01,0.03,0.1,0.23,0.54,0.32,0.18,0.23,0.1,0.1,0.1,0.1,0.1,simulationGroup1
60,4.5,0.8,18.7,0.5,0.91,0.49,0.26,1.64,1.34,0.65,0.27,0.51,0.57,0.98,2.7,0.01,0.03,0.1,0.23,0.54,0.32,0.18,0.23,0.1,0.1,0.1,0.1,0.1,simulationGroup1
61,4.5,0.8,18.7,0.5,0.91,0.49,0.26,1.64,1.34,0.65,0.27,0.51,0.57,0.98,2.7,0.01,0.03,0.1,0.23,0.54,0.32,0.18,0.23,0.1,0.1,0.1,0.1,0.1,simulationGroup1
62,4.5,0.8,18.7,0.5,0.91,0.49,0.26,1.64,1.34,0.65,0.27,0.51,0.57,0.98,2.7,0.01,0.03,0.1,0.23,0.54,0.32,0.18,0.23,0.1,0.1,0.1,0.1,0.1,simulationGroup1
63,4.5,0.8,18.7,0.5,0.91,0.49,0.26,1.64,1.34,0.65,0.27,0.51,0.57,0.98,2.7,0.01,0.03,0.1,0.23,0.54,0.32,0.18,0.23,0.1,0.1,0.1,0.1,0.1,simulationGroup1
64,4.5,0.8,18.7,0.5,0.91,0.49,0.26,1.64,1.34,0.65,0.27,0.51,0.57,0.98,2.7,0.01,0.03,0.1,0.23,0.54,0.32,0.18,0.23,0.1,0.1,0.1,0.1,0.1,simulationGroup1
65,4.5,0.8,18.7,0.5,0.91,0.49,0.26,1.64,1.34,0.65,0.27,0.51,0.57,0.98,2.7,0.01,0.03,0.1,0.23,0.54,0.32,0.18,0.23,0.1,0.1,0.1,0.1,0.1,simulationGroup1
66,4.5,0.8,18.7,0.5,0.91,0.49,0.26,1.64,1.34,0.65,0.27,0.51,0.57,0.98,2.7,0.01,0.03,0.1,0.23,0.54,0.32,0.18,0.23,0.1,0.1,0.1,0.1,0.1,simulationGroup1
67,4.5,0.8,18.7,0.5,0.91,0.49,0.26,1.64,1.34,0.65,0.27,0.51,0.57,0.98,2.7,0.01,0.03,0.1,0.23,0.54,0.32,0.18,0.23,0.1,0.1,0.1,0.1,0.1,simulationGroup1
68,4.5,0.8,18.7,0.5,0.91,0.49,0.26,1.64,1.34,0.65,0.27,0.51,0.57,0.98,2.7,0.01,0.03,0.1,0.23,0.54,0.32,0.18,0.23,0.1,0.1,0.1,0.1,0.1,simulationGroup1
69,4.5,0.8,18.7,0.5,0.91,0.49,0.26,1.64,1.34,0.65,0.27,0.51,0.57,0.98,2.7,0.01,0.03,0.1,0.23,0.54,0.32,0.18,0.23,0.1,0.1,0.1,0.1,0.1,simulationGroup1
70,4.5,0.8,18.7,0.5,0.91,0.49,0.26,1.64,1.34,0.65,0.27,0.51,0.57,0.98,2.7,0.01,0.03,0.1,0.23,0.54,0.32,0.18,0.23,0.1,0.1,0.1,0.1,0.1,simulationGroup1
71,4.5,0.8,18.7,0.5,0.91,0.49,0.26,1.64,1.34,0.65,0.27,0.51,0.57,0.98,2.7,0.01,0.03,0.1,0.23,0.54,0.32,0.18,0.23,0.1,0.1,0.1,0.1,0.1,simulationGroup1
72,4.5,0.8,18.7,0.5,0.91,0.49,0.26,1.64,1.34,0.65,0.27,0.51,0.57,0.98,2.7,0.01,0.03,0.1,0.23,0.54,0.32,0.18,0.23,0.1,0.1,0.1,0.1,0.1,simulationGroup1
73,4.5,0.8,18.7,0.5,0.91,0.49,0.26,1.64,1.34,0.65,0.27,0.51,0.57,0.98,2.7,0.01,0.03,0.1,0.23,0.54,0.32,0.18,0.23,0.1,0.1,0.1,0.1,0.1,simulationGroup1
74,4.5,0.8,18.7,0.5,0.91,0.49,0.26,1.64,1.34,0.65,0.27,0.51,0.57,0.98,2.7,0.01,0.03,0.1,0.23,0.54,0.32,0.18,0.23,0.1,0.1,0.1,0.1,0.1,simulationGroup1
75,4.5,0.8,18.7,0.5,0.91,0.49,0.26,1.64,1.34,0.65,0.27,0.51,0.57,0.98,2.7,0.01,0.03,0.1,0.23,0.54,0.32,0.18,0.23,0.1,0.1,0.1,0.1,0.1,simulationGroup1
76,4.5,0.8,18.7,0.5,0.91,0.49,0.26,1.64,1.34,0.65,0.27,0.51,0.57,0.98,2.7,0.01,0.03,0.1,0.23,0.54,0.32,0.18,0.23,0.1,0.1,0.1,0.1,0.1,simulationGroup1
77,4.5,0.8,18.7,0.5,0.91,0.49,0.26,1.64,1.34,0.65,0.27,0.51,0.57,0.98,2.7,0.01,0.03,0.1,0.23,0.54,0.32,0.18,0.23,0.1,0.1,0.1,0.1,0.1,simulationGroup1
78,4.5,0.8,18.7,0.5,0.91,0.49,0.26,1.64,1.34,0.65,0.27,0.51,0.57,0.98,2.7,0.01,0.03,0.1,0.23,0.54,0.32,0.18,0.23,0.1,0.1,0.1,0.1,0.1,simulationGroup1
79,4.5,0.8,18.7,0.5,0.91,0.49,0.26,1.64,1.34,0.65,0.27,0.51,0.57,0.98,2.7,0.01,0.03,0.1,0.23,0.54,0.32,0.18,0.23,0.1,0.1,0.1,0.1,0.1,simulationGroup1
80,4.5,0.8,18.7,0.5,0.91,0.49,0.26,1.64,1.34,0.65,0.27,0.51,0.57,0.98,2.7,0.01,0.03,0.1,0.23,0.54,0.32,0.18,0.23,0.1,0.1,0.1,0.1,0.1,simulationGroup1
81,4.5,0.8,18.7,0.5,0.91,0.49,0.26,1.64,1.34,0.65,0.27,0.51,0.57,0.98,2.7,0.01,0.03,0.1,0.23,0.54,0.32,0.18,0.23,0.1,0.1,0.1,0.1,0.1,simulationGroup1
82,4.5,0.8,18.7,0.5,0.91,0.49,0.26,1.64,1.34,0.65,0.27,0.51,0.57,0.98,2.7,0.01,0.03,0.1,0.23,0.54,0.32,0.18,0.23,0.1,0.1,0.1,0.1,0.1,simulationGroup1
83,4.5,0.8,18.7,0.5,0.91,0.49,0.26,1.64,1.34,0.65,0.27,0.51,0.57,0.98,2.7,0.01,0.03,0.1,0.23,0.54,0.32,0.18,0.23,0.1,0.1,0.1,0.1,0.1,simulationGroup1
84,4.5,0.8,18.7,0.5,0.91,0.49,0.26,1.64,1.34,0.65,0.27,0.51,0.57,0.98,2.7,0.01,0.03,0.1,0.23,0.54,0.32,0.18,0.23,0.1,0.1,0.1,0.1,0.1,simulationGroup1
85,4.5,0.8,18.7,0.5,0.91,0.49,0.26,1.64,1.34,0.65,0.27,0.51,0.57,0.98,2.7,0.01,0.03,0.1,0.23,0.54,0.32,0.18,0.23,0.1,0.1,0.1,0.1,0.1,simulationGroup1
86,4.5,0.8,18.7,0.5,0.91,0.49,0.26,1.64,1.34,0.65,0.27,0.51,0.57,0.98,2.7,0.01,0.03,0.1,0.23,0.54,0.32,0.18,0.23,0.1,0.1,0.1,0.1,0.1,simulationGroup1
87,4.5,0.8,18.7,0.5,0.91,0.49,0.26,1.64,1.34,0.65,0.27,0.51,0.57,0.98,2.7,0.01,0.03,0.1,0.23,0.54,0.32,0.18,0.23,0.1,0.1,0.1,0.1,0.1,simulationGroup1
88,4.5,0.8,18.7,0.5,0.91,0.49,0.26,1.64,1.34,0.65,0.27,0.51,0.57,0.98,2.7,0.01,0.03,0.1,0.23,0.54,0.32,0.18,0.23,0.1,0.1,0.1,0.1,0.1,simulationGroup1
89,4.5,0.8,18.7,0.5,0.91,0.49,0.26,1.64,1.34,0.65,0.27,0.51,0.57,0.98,2.7,0.01,0.03,0.1,0.23,0.54,0.32,0.18,0.23,0.1,0.1,0.1,0.1,0.1,simulationGroup1
90,4.5,0.8,18.7,0.5,0.91,0.49,0.26,1.64,1.34,0.65,0.27,0.51,0.57,0.98,2.7,0.01,0.03,0.1,0.23,0.54,0.32,0.18,0.23,0.1,0.1,0.1,0.1,0.1,simulationGroup1
91,4.5,0.8,18.7,0.5,0.91,0.49,0.26,1.64,1.34,0.65,0.27,0.51,0.57,0.98,2.7,0.01,0.03,0.1,0.23,0.54,0.32,0.18,0.23,0.1,0.1,0.1,0.1,0.1,simulationGroup1
92,4.5,0.8,18.7,0.5,0.91,0.49,0.26,1.64,1.34,0.65,0.27,0.51,0.57,0.98,2.7,0.01,0.03,0.1,0.23,0.54,0.32,0.18,0.23,0.1,0.1,0.1,0.1,0.1,simulationGroup1
93,4.5,0.8,18.7,0.5,0.91,0.49,0.26,1.64,1.34,0.65,0.27,0.51,0.57,0.98,2.7,0.01,0.03,0.1,0.23,0.54,0.32,0.18,0.23,0.1,0.1,0.1,0.1,0.1,simulationGroup1
94,4.5,0.8,18.7,0.5,0.91,0.49,0.26,1.64,1.34,0.65,0.27,0.51,0.57,0.98,2.7,0.01,0.03,0.1,0.23,0.54,0.32,0.18,0.23,0.1,0.1,0.1,0.1,0.1,simulationGroup1
95,4.5,0.8,18.7,0.5,0.91,0.49,0.26,1.64,1.34,0.65,0.27,0.51,0.57,0.98,2.7,0.01,0.03,0.1,0.23,0.54,0.32,0.18,0.23,0.1,0.1,0.1,0.1,0.1,simulationGroup1
96,4.5,0.8,18.7,0.5,0.91,0.49,0.26,1.64,1.34,0.65,0.27,0.51,0.57,0.98,2.7,0.01,0.03,0.1,0.23,0.54,0.32,0.18,0.23,0.1,0.1,0.1,0.1,0.1,simulationGroup1
97,4.5,0.8,18.7,0.5,0.91,0.49,0.26,1.64,1.34,0.65,0.27,0.51,0.57,0.98,2.7,0.01,0.03,0.1,0.23,0.54,0.32,0.18,0.23,0.1,0.1,0.1,0.1,0.1,simulationGroup1
98,4.5,0.8,18.7,0.5,0.91,0.49,0.26,1.64,1.34,0.65,0.27,0.51,0.57,0.98,2.7,0.01,0.03,0.1,0.23,0.54,0.32,0.18,0.23,0.1,0.1,0.1,0.1,0.1,simulationGroup1
99,4.5,0.8,18.7,0.5,0.91,0.49,0.26,1.64,1.34,0.65,0.27,0.51,0.57,0.98,2.7,0.01,0.03,0.1,0.23,0.54,0.32,0.18,0.23,0.1,0.1,0.1,0.1,0.1,simulationGroup1
100,4.5,0.8,18.7,0.5,0.91,0.49,0.26,1.64,1.34,0.65,0.27,0.51,0.57,0.98,2.7,0.01,0.03,0.1,0.23,0.54,0.32,0.18,0.23,0.1,0.1,0.1,0.1,0.1,simulationGroup1
101,4.5,0.8,18.7,0.5,0.91,0.49,0.26,1.64,1.34,0.65,0.27,0.51,0.57,0.98,2.7,0.01,0.03,0.1,0.23,0.54,0.32,0.18,0.23,0.1,0.1,0.1,0.1,0.1,simulationGroup1
102,4.5,0.8,18.7,0.5,0.91,0.49,0.26,1.64,1.34,0.65,0.27,0.51,0.57,0.98,2.7,0.01,0.03,0.1,0.23,0.54,0.32,0.18,0.23,0.1,0.1,0.1,0.1,0.1,simulationGroup1
103,4.5,0.8,18.7,0.5,0.91,0.49,0.26,1.64,1.34,0.65,0.27,0.51,0.57,0.98,2.7,0.01,0.03,0.1,0.23,0.54,0.32,0.18,0.23,0.1,0.1,0.1,0.1,0.1,simulationGroup1
104,4.5,0.8,18.7,0.5,0.91,0.49,0.26,1.64,1.34,0.65,0.27,0.51,0.57,0.98,2.7,0.01,0.03,0.1,0.23,0.54,0.32,0.18,0.23,0.1,0.1,0.1,0.1,0.1,simulationGroup1
105,4.5,0.8,18.7,0.5,0.91,0.49,0.26,1.64,1.34,0.65,0.27,0.51,0.57,0.98,2.7,0.01,0.03,0.1,0.23,0.54,0.32,0.18,0.23,0.1,0.1,0.1,0.1,0.1,simulationGroup1
106,4.5,0.8,18.7,0.5,0.91,0.49,0.26,1.64,1.34,0.65,0.27,0.51,0.57,0.98,2.7,0.01,0.03,0.1,0.23,0.54,0.32,0.18,0.23,0.1,0.1,0.1,0.1,0.1,simulationGroup1
107,4.5,0.8,18.7,0.5,0.91,0.49,0.26,1.64,1.34,0.65,0.27,0.51,0.57,0.98,2.7,0.01,0.03,0.1,0.23,0.54,0.32,0.18,0.23,0.1,0.1,0.1,0.1,0.1,simulationGroup1
108,4.5,0.8,18.7,0.5,0.91,0.49,0.26,1.64,1.34,0.65,0.27,0.51,0.57,0.98,2.7,0.01,0.03,0.1,0.23,0.54,0.32,0.18,0.23,0.1,0.1,0.1,0.1,0.1,simulationGroup1
109,4.5,0.8,18.7,0.5,0.91,0.49,0.26,1.64,1.34,0.65,0.27,0.51,0.57,0.98,2.7,0.01,0.03,0.1,0.23,0.54,0.32,0.18,0.23,0.1,0.1,0.1,0.1,0.1,simulationGroup1
110,4.5,0.8,18.7,0.5,0.91,0.49,0.26,1.64,1.34,0.65,0.27,0.51,0.57,0.98,2.7,0.01,0.03,0.1,0.23,0.54,0.32,0.18,0.23,0.1,0.1,0.1,0.1,0.1,simulationGroup1
111,4.5,0.8,18.7,0.5,0.91,0.49,0.26,1.64,1.34,0.65,0.27,0.51,0.57,0.98,2.7,0.01,0.03,0.1,0.23,0.54,0.32,0.18,0.23,0.1,0.1,0.1,0.1,0.1,simulationGroup1
112,4.5,0.8,18.7,0.5,0.91,0.49,0.26,1.64,1.34,0.65,0.27,0.51,0.57,0.98,2.7,0.01,0.03,0.1,0.23,0.54,0.32,0.18,0.23,0.1,0.1,0.1,0.1,0.1,simulationGroup1
113,4.5,0.8,18.7,0.5,0.91,0.49,0.26,1.64,1.34,0.65,0.27,0.51,0.57,0.98,2.7,0.01,0.03,0.1,0.23,0.54,0.32,0.18,0.23,0.1,0.1,0.1,0.1,0.1,simulationGroup1
114,4.5,0.8,18.7,0.5,0.91,0.49,0.26,1.64,1.34,0.65,0.27,0.51,0.57,0.98,2.7,0.01,0.03,0.1,0.23,0.54,0.32,0.18,0.23,0.1,0.1,0.1,0.1,0.1,simulationGroup1
115,4.5,0.8,18.7,0.5,0.91,0.49,0.26,1.64,1.34,0.65,0.27,0.51,0.57,0.98,2.7,0.01,0.03,0.1,0.23,0.54,0.32,0.18,0.23,0.1,0.1,0.1,0.1,0.1,simulationGroup1
116,4.5,0.8,18.7,0.5,0.91,0.49,0.26,1.64,1.34,0.65,0.27,0.51,0.57,0.98,2.7,0.01,0.03,0.1,0.23,0.54,0.32,0.18,0.23,0.1,0.1,0.1,0.1,0.1,simulationGroup1
117,4.5,0.8,18.7,0.5,0.91,0.49,0.26,1.64,1.34,0.65,0.27,0.51,0.57,0.98,2.7,0.01,0.03,0.1,0.23,0.54,0.32,0.18,0.23,0.1,0.1,0.1,0.1,0.1,simulationGroup1
118,4.5,0.8,18.7,0.5,0.91,0.49,0.26,1.64,1.34,0.65,0.27,0.51,0.57,0.98,2.7,0.01,0.03,0.1,0.23,0.54,0.32,0.18,0.23,0.1,0.1,0.1,0.1,0.1,simulationGroup1
119,4.5,0.8,18.7,0.5,0.91,0.49,0.26,1.64,1.34,0.65,0.27,0.51,0.57,0.98,2.7,0.01,0.03,0.1,0.23,0.54,0.32,0.18,0.23,0.1,0.1,0.1,0.1,0.1,simulationGroup1
120,4.5,0.8,18.7,0.5,0.91,0.49,0.26,1.64,1.34,0.65,0.27,0.51,0.57,0.98,2.7,0.01,0.03,0.1,0.23,0.54,0.32,0.18,0.23,0.1,0.1,0.1,0.1,0.1,simulationGroup1
121,4.5,0.8,18.7,0.5,0.91,0.49,0.26,1.64,1.34,0.65,0.27,0.51,0.57,0.98,2.7,0.01,0.03,0.1,0.23,0.54,0.32,0.18,0.23,0.1,0.1,0.1,0.1,0.1,simulationGroup1
122,4.5,0.8,18.7,0.5,0.91,0.49,0.26,1.64,1.34,0.65,0.27,0.51,0.57,0.98,2.7,0.01,0.03,0.1,0.23,0.54,0.32,0.18,0.23,0.1,0.1,0.1,0.1,0.1,simulationGroup1
123,4.5,0.8,18.7,0.5,0.91,0.49,0.26,1.64,1.34,0.65,0.27,0.51,0.57,0.98,2.7,0.01,0.03,0.1,0.23,0.54,0.32,0.18,0.23,0.1,0.1,0.1,0.1,0.1,simulationGroup1
124,4.5,0.8,18.7,0.5,0.91,0.49,0.26,1.64,1.34,0.65,0.27,0.51,0.57,0.98,2.7,0.01,0.03,0.1,0.23,0.54,0.32,0.18,0.23,0.1,0.1,0.1,0.1,0.1,simulationGroup1
125,4.5,0.8,18.7,0.5,0.91,0.49,0.26,1.64,1.34,0.65,0.27,0.51,0.57,0.98,2.7,0.01,0.03,0.1,0.23,0.54,0.32,0.18,0.23,0.1,0.1,0.1,0.1,0.1,simulationGroup1
126,4.5,0.8,18.7,0.5,0.91,0.49,0.26,1.64,1.34,0.65,0.27,0.51,0.57,0.98,2.7,0.01,0.03,0.1,0.23,0.54,0.32,0.18,0.23,0.1,0.1,0.1,0.1,0.1,simulationGroup1
127,4.5,0.8,18.7,0.5,0.91,0.49,0.26,1.64,1.34,0.65,0.27,0.51,0.57,0.98,2.7,0.01,0.03,0.1,0.23,0.54,0.32,0.18,0.23,0.1,0.1,0.1,0.1,0.1,simulationGroup1
128,4.5,0.8,18.7,0.5,0.91,0.49,0.26,1.64,1.34,0.65,0.27,0.51,0.57,0.98,2.7,0.01,0.03,0.1,0.23,0.54,0.32,0.18,0.23,0.1,0.1,0.1,0.1,0.1,simulationGroup1
129,4.5,0.8,18.7,0.5,0.91,0.49,0.26,1.64,1.34,0.65,0.27,0.51,0.57,0.98,2.7,0.01,0.03,0.1,0.23,0.54,0.32,0.18,0.23,0.1,0.1,0.1,0.1,0.1,simulationGroup1
130,4.5,0.8,18.7,0.5,0.91,0.49,0.26,1.64,1.34,0.65,0.27,0.51,0.57,0.98,2.7,0.01,0.03,0.1,0.23,0.54,0.32,0.18,0.23,0.1,0.1,0.1,0.1,0.1,simulationGroup1
131,4.5,0.8,18.7,0.5,0.91,0.49,0.26,1.64,1.34,0.65,0.27,0.51,0.57,0.98,2.7,0.01,0.03,0.1,0.23,0.54,0.32,0.18,0.23,0.1,0.1,0.1,0.1,0.1,simulationGroup1
132,4.5,0.8,18.7,0.5,0.91,0.49,0.26,1.64,1.34,0.65,0.27,0.51,0.57,0.98,2.7,0.01,0.03,0.1,0.23,0.54,0.32,0.18,0.23,0.1,0.1,0.1,0.1,0.1,simulationGroup1
133,4.5,0.8,18.7,0.5,0.91,0.49,0.26,1.64,1.34,0.65,0.27,0.51,0.57,0.98,2.7,0.01,0.03,0.1,0.23,0.54,0.32,0.18,0.23,0.1,0.1,0.1,0.1,0.1,simulationGroup1
134,4.5,0.8,18.7,0.5,0.91,0.49,0.26,1.64,1.34,0.65,0.27,0.51,0.57,0.98,2.7,0.01,0.03,0.1,0.23,0.54,0.32,0.18,0.23,0.1,0.1,0.1,0.1,0.1,simulationGroup1
135,4.5,0.8,18.7,0.5,0.91,0.49,0.26,1.64,1.34,0.65,0.27,0.51,0.57,0.98,2.7,0.01,0.03,0.1,0.23,0.54,0.32,0.18,0.23,0.1,0.1,0.1,0.1,0.1,simulationGroup1
136,4.5,0.8,18.7,0.5,0.91,0.49,0.26,1.64,1.34,0.65,0.27,0.51,0.57,0.98,2.7,0.01,0.03,0.1,0.23,0.54,0.32,0.18,0.23,0.1,0.1,0.1,0.1,0.1,simulationGroup1
137,4.5,0.8,18.7,0.5,0.91,0.49,0.26,1.64,1.34,0.65,0.27,0.51,0.57,0.98,2.7,0.01,0.03,0.1,0.23,0.54,0.32,0.18,0.23,0.1,0.1,0.1,0.1,0.1,simulationGroup1
138,4.5,0.8,18.7,0.5,0.91,0.49,0.26,1.64,1.34,0.65,0.27,0.51,0.57,0.98,2.7,0.01,0.03,0.1,0.23,0.54,0.32,0.18,0.23,0.1,0.1,0.1,0.1,0.1,simulationGroup1
139,4.5,0.8,18.7,0.5,0.91,0.49,0.26,1.64,1.34,0.65,0.27,0.51,0.57,0.98,2.7,0.01,0.03,0.1,0.23,0.54,0.32,0.18,0.23,0.1,0.1,0.1,0.1,0.1,simulationGroup1
140,4.5,0.8,18.7,0.5,0.91,0.49,0.26,1.64,1.34,0.65,0.27,0.51,0.57,0.98,2.7,0.01,0.03,0.1,0.23,0.54,0.32,0.18,0.23,0.1,0.1,0.1,0.1,0.1,simulationGroup1
141,4.5,0.8,18.7,0.5,0.91,0.49,0.26,1.64,1.34,0.65,0.27,0.51,0.57,0.98,2.7,0.01,0.03,0.1,0.23,0.54,0.32,0.18,0.23,0.1,0.1,0.1,0.1,0.1,simulationGroup1
142,4.5,0.8,18.7,0.5,0.91,0.49,0.26,1.64,1.34,0.65,0.27,0.51,0.57,0.98,2.7,0.01,0.03,0.1,0.23,0.54,0.32,0.18,0.23,0.1,0.1,0.1,0.1,0.1,simulationGroup1
143,4.5,0.8,18.7,0.5,0.91,0.49,0.26,1.64,1.34,0.65,0.27,0.51,0.57,0.98,2.7,0.01,0.03,0.1,0.23,0.54,0.32,0.18,0.23,0.1,0.1,0.1,0.1,0.1,simulationGroup1
144,4.5,0.8,18.7,0.5,0.91,0.49,0.26,1.64,1.34,0.65,0.27,0.51,0.57,0.98,2.7,0.01,0.03,0.1,0.23,0.54,0.32,0.18,0.23,0.1,0.1,0.1,0.1,0.1,simulationGroup1
145,4.5,0.8,18.7,0.5,0.91,0.49,0.26,1.64,1.34,0.65,0.27,0.51,0.57,0.98,2.7,0.01,0.03,0.1,0.23,0.54,0.32,0.18,0.23,0.1,0.1,0.1,0.1,0.1,simulationGroup1
146,4.5,0.8,18.7,0.5,0.91,0.49,0.26,1.64,1.34,0.65,0.27,0.51,0.57,0.98,2.7,0.01,0.03,0.1,0.23,0.54,0.32,0.18,0.23,0.1,0.1,0.1,0.1,0.1,simulationGroup1
147,4.5,0.8,18.7,0.5,0.91,0.49,0.26,1.64,1.34,0.65,0.27,0.51,0.57,0.98,2.7,0.01,0.03,0.1,0.23,0.54,0.32,0.18,0.23,0.1,0.1,0.1,0.1,0.1,simulationGroup1
148,4.5,0.8,18.7,0.5,0.91,0.49,0.26,1.64,1.34,0.65,0.27,0.51,0.57,0.98,2.7,0.01,0.03,0.1,0.23,0.54,0.32,0.18,0.23,0.1,0.1,0.1,0.1,0.1,simulationGroup1
149,4.5,0.8,18.7,0.5,0.91,0.49,0.26,1.64,1.34,0.65,0.27,0.51,0.57,0.98,2.7,0.01,0.03,0.1,0.23,0.54,0.32,0.18,0.23,0.1,0.1,0.1,0.1,0.1,simulationGroup1
150,4.5,0.8,18.7,0.5,0.91,0.49,0.26,1.64,1.34,0.65,0.27,0.51,0.57,0.98,2.7,0.01,0.03,0.1,0.23,0.54,0.32,0.18,0.23,0.1,0.1,0.1,0.1,0.1,simulationGroup1
151,4.5,0.8,18.7,0.5,0.91,0.49,0.26,1.64,1.34,0.65,0.27,0.51,0.57,0.98,2.7,0.01,0.03,0.1,0.23,0.54,0.32,0.18,0.23,0.1,0.1,0.1,0.1,0.1,simulationGroup1
152,4.5,0.8,18.7,0.5,0.91,0.49,0.26,1.64,1.34,0.65,0.27,0.51,0.57,0.98,2.7,0.01,0.03,0.1,0.23,0.54,0.32,0.18,0.23,0.1,0.1,0.1,0.1,0.1,simulationGroup1
153,4.5,0.8,18.7,0.5,0.91,0.49,0.26,1.64,1.34,0.65,0.27,0.51,0.57,0.98,2.7,0.01,0.03,0.1,0.23,0.54,0.32,0.18,0.23,0.1,0.1,0.1,0.1,0.1,simulationGroup1
154,4.5,0.8,18.7,0.5,0.91,0.49,0.26,1.64,1.34,0.65,0.27,0.51,0.57,0.98,2.7,0.01,0.03,0.1,0.23,0.54,0.32,0.18,0.23,0.1,0.1,0.1,0.1,0.1,simulationGroup1
155,4.5,0.8,18.7,0.5,0.91,0.49,0.26,1.64,1.34,0.65,0.27,0.51,0.57,0.98,2.7,0.01,0.03,0.1,0.23,0.54,0.32,0.18,0.23,0.1,0.1,0.1,0.1,0.1,simulationGroup1
156,4.5,0.8,18.7,0.5,0.91,0.49,0.26,1.64,1.34,0.65,0.27,0.51,0.57,0.98,2.7,0.01,0.03,0.1,0.23,0.54,0.32,0.18,0.23,0.1,0.1,0.1,0.1,0.1,simulationGroup1
157,4.5,0.8,18.7,0.5,0.91,0.49,0.26,1.64,1.34,0.65,0.27,0.51,0.57,0.98,2.7,0.01,0.03,0.1,0.23,0.54,0.32,0.18,0.23,0.1,0.1,0.1,0.1,0.1,simulationGroup1
158,4.5,0.8,18.7,0.5,0.91,0.49,0.26,1.64,1.34,0.65,0.27,0.51,0.57,0.98,2.7,0.01,0.03,0.1,0.23,0.54,0.32,0.18,0.23,0.1,0.1,0.1,0.1,0.1,simulationGroup1
159,4.5,0.8,18.7,0.5,0.91,0.49,0.26,1.64,1.34,0.65,0.27,0.51,0.57,0.98,2.7,0.01,0.03,0.1,0.23,0.54,0.32,0.18,0.23,0.1,0.1,0.1,0.1,0.1,simulationGroup1
160,4.5,0.8,18.7,0.5,0.91,0.49,0.26,1.64,1.34,0.65,0.27,0.51,0.57,0.98,2.7,0.01,0.03,0.1,0.23,0.54,0.32,0.18,0.23,0.1,0.1,0.1,0.1,0.1,simulationGroup1
161,4.5,0.8,18.7,0.5,0.91,0.49,0.26,1.64,1.34,0.65,0.27,0.51,0.57,0.98,2.7,0.01,0.03,0.1,0.23,0.54,0.32,0.18,0.23,0.1,0.1,0.1,0.1,0.1,simulationGroup1
162,4.5,0.8,18.7,0.5,0.91,0.49,0.26,1.64,1.34,0.65,0.27,0.51,0.57,0.98,2.7,0.01,0.03,0.1,0.23,0.54,0.32,0.18,0.23,0.1,0.1,0.1,0.1,0.1,simulationGroup1
163,4.5,0.8,18.7,0.5,0.91,0.49,0.26,1.64,1.34,0.65,0.27,0.51,0.57,0.98,2.7,0.01,0.03,0.1,0.23,0.54,0.32,0.18,0.23,0.1,0.1,0.1,0.1,0.1,simulationGroup1
164,4.5,0.8,18.7,0.5,0.91,0.49,0.26,1.64,1.34,0.65,0.27,0.51,0.57,0.98,2.7,0.01,0.03,0.1,0.23,0.54,0.32,0.18,0.23,0.1,0.1,0.1,0.1,0.1,simulationGroup1
165,4.5,0.8,18.7,0.5,0.91,0.49,0.26,1.64,1.34,0.65,0.27,0.51,0.57,0.98,2.7,0.01,0.03,0.1,0.23,0.54,0.32,0.18,0.23,0.1,0.1,0.1,0.1,0.1,simulationGroup1
166,4.5,0.8,18.7,0.5,0.91,0.49,0.26,1.64,1.34,0.65,0.27,0.51,0.57,0.98,2.7,0.01,0.03,0.1,0.23,0.54,0.32,0.18,0.23,0.1,0.1,0.1,0.1,0.1,simulationGroup1
167,4.5,0.8,18.7,0.5,0.91,0.49,0.26,1.64,1.34,0.65,0.27,0.51,0.57,0.98,2.7,0.01,0.03,0.1,0.23,0.54,0.32,0.18,0.23,0.1,0.1,0.1,0.1,0.1,simulationGroup1
168,4.5,0.8,18.7,0.5,0.91,0.49,0.26,1.64,1.34,0.65,0.27,0.51,0.57,0.98,2.7,0.01,0.03,0.1,0.23,0.54,0.32,0.18,0.23,0.1,0.1,0.1,0.1,0.1,simulationGroup1
169,4.5,0.8,18.7,0.5,0.91,0.49,0.26,1.64,1.34,0.65,0.27,0.51,0.57,0.98,2.7,0.01,0.03,0.1,0.23,0.54,0.32,0.18,0.23,0.1,0.1,0.1,0.1,0.1,simulationGroup1
170,4.5,0.8,18.7,0.5,0.91,0.49,0.26,1.64,1.34,0.65,0.27,0.51,0.57,0.98,2.7,0.01,0.03,0.1,0.23,0.54,0.32,0.18,0.23,0.1,0.1,0.1,0.1,0.1,simulationGroup1
171,4.5,0.8,18.7,0.5,0.91,0.49,0.26,1.64,1.34,0.65,0.27,0.51,0.57,0.98,2.7,0.01,0.03,0.1,0.23,0.54,0.32,0.18,0.23,0.1,0.1,0.1,0.1,0.1,simulationGroup1
172,4.5,0.8,18.7,0.5,0.91,0.49,0.26,1.64,1.34,0.65,0.27,0.51,0.57,0.98,2.7,0.01,0.03,0.1,0.23,0.54,0.32,0.18,0.23,0.1,0.1,0.1,0.1,0.1,simulationGroup1
173,4.5,0.8,18.7,0.5,0.91,0.49,0.26,1.64,1.34,0.65,0.27,0.51,0.57,0.98,2.7,0.01,0.03,0.1,0.23,0.54,0.32,0.18,0.23,0.1,0.1,0.1,0.1,0.1,simulationGroup1
174,4.5,0.8,18.7,0.5,0.91,0.49,0.26,1.64,1.34,0.65,0.27,0.51,0.57,0.98,2.7,0.01,0.03,0.1,0.23,0.54,0.32,0.18,0.23,0.1,0.1,0.1,0.1,0.1,simulationGroup1
175,4.5,0.8,18.7,0.5,0.91,0.49,0.26,1.64,1.34,0.65,0.27,0.51,0.57,0.98,2.7,0.01,0.03,0.1,0.23,0.54,0.32,0.18,0.23,0.1,0.1,0.1,0.1,0.1,simulationGroup1
176,4.5,0.8,18.7,0.5,0.91,0.49,0.26,1.64,1.34,0.65,0.27,0.51,0.57,0.98,2.7,0.01,0.03,0.1,0.23,0.54,0.32,0.18,0.23,0.1,0.1,0.1,0.1,0.1,simulationGroup1
177,4.5,0.8,18.7,0.5,0.91,0.49,0.26,1.64,1.34,0.65,0.27,0.51,0.57,0.98,2.7,0.01,0.03,0.1,0.23,0.54,0.32,0.18,0.23,0.1,0.1,0.1,0.1,0.1,simulationGroup1
178,4.5,0.8,18.7,0.5,0.91,0.49,0.26,1.64,1.34,0.65,0.27,0.51,0.57,0.98,2.7,0.01,0.03,0.1,0.23,0.54,0.32,0.18,0.23,0.1,0.1,0.1,0.1,0.1,simulationGroup1
179,4.5,0.8,18.7,0.5,0.91,0.49,0.26,1.64,1.34,0.65,0.27,0.51,0.57,0.98,2.7,0.01,0.03,0.1,0.23,0.54,0.32,0.18,0.23,0.1,0.1,0.1,0.1,0.1,simulationGroup1
180,4.5,0.8,18.7,0.5,0.91,0.49,0.26,1.64,1.34,0.65,0.27,0.51,0.57,0.98,2.7,0.01,0.03,0.1,0.23,0.54,0.32,0.18,0.23,0.1,0.1,0.1,0.1,0.1,simulationGroup1
181,4.5,0.8,18.7,0.5,0.91,0.49,0.26,1.64,1.34,0.65,0.27,0.51,0.57,0.98,2.7,0.01,0.03,0.1,0.23,0.54,0.32,0.18,0.23,0.1,0.1,0.1,0.1,0.1,simulationGroup1
182,4.5,0.8,18.7,0.5,0.91,0.49,0.26,1.64,1.34,0.65,0.27,0.51,0.57,0.98,2.7,0.01,0.03,0.1,0.23,0.54,0.32,0.18,0.23,0.1,0.1,0.1,0.1,0.1,simulationGroup1
183,4.5,0.8,18.7,0.5,0.91,0.49,0.26,1.64,1.34,0.65,0.27,0.51,0.57,0.98,2.7,0.01,0.03,0.1,0.23,0.54,0.32,0.18,0.23,0.1,0.1,0.1,0.1,0.1,simulationGroup1
184,4.5,0.8,18.7,0.5,0.91,0.49,0.26,1.64,1.34,0.65,0.27,0.51,0.57,0.98,2.7,0.01,0.03,0.1,0.23,0.54,0.32,0.18,0.23,0.1,0.1,0.1,0.1,0.1,simulationGroup1
185,4.5,0.8,18.7,0.5,0.91,0.49,0.26,1.64,1.34,0.65,0.27,0.51,0.57,0.98,2.7,0.01,0.03,0.1,0.23,0.54,0.32,0.18,0.23,0.1,0.1,0.1,0.1,0.1,simulationGroup1
186,4.5,0.8,18.7,0.5,0.91,0.49,0.26,1.64,1.34,0.65,0.27,0.51,0.57,0.98,2.7,0.01,0.03,0.1,0.23,0.54,0.32,0.18,0.23,0.1,0.1,0.1,0.1,0.1,simulationGroup1
187,4.5,0.8,18.7,0.5,0.91,0.49,0.26,1.64,1.34,0.65,0.27,0.51,0.57,0.98,2.7,0.01,0.03,0.1,0.23,0.54,0.32,0.18,0.23,0.1,0.1,0.1,0.1,0.1,simulationGroup1
188,4.5,0.8,18.7,0.5,0.91,0.49,0.26,1.64,1.34,0.65,0.27,0.51,0.57,0.98,2.7,0.01,0.03,0.1,0.23,0.54,0.32,0.18,0.23,0.1,0.1,0.1,0.1,0.1,simulationGroup1
189,4.5,0.8,18.7,0.5,0.91,0.49,0.26,1.64,1.34,0.65,0.27,0.51,0.57,0.98,2.7,0.01,0.03,0.1,0.23,0.54,0.32,0.18,0.23,0.1,0.1,0.1,0.1,0.1,simulationGroup1
190,4.5,0.8,18.7,0.5,0.91,0.49,0.26,1.64,1.34,0.65,0.27,0.51,0.57,0.98,2.7,0.01,0.03,0.1,0.23,0.54,0.32,0.18,0.23,0.1,0.1,0.1,0.1,0.1,simulationGroup1
191,4.5,0.8,18.7,0.5,0.91,0.49,0.26,1.64,1.34,0.65,0.27,0.51,0.57,0.98,2.7,0.01,0.03,0.1,0.23,0.54,0.32,0.18,0.23,0.1,0.1,0.1,0.1,0.1,simulationGroup1
192,4.5,0.8,18.7,0.5,0.91,0.49,0.26,1.64,1.34,0.65,0.27,0.51,0.57,0.98,2.7,0.01,0.03,0.1,0.23,0.54,0.32,0.18,0.23,0.1,0.1,0.1,0.1,0.1,simulationGroup1
193,4.5,0.8,18.7,0.5,0.91,0.49,0.26,1.64,1.34,0.65,0.27,0.51,0.57,0.98,2.7,0.01,0.03,0.1,0.23,0.54,0.32,0.18,0.23,0.1,0.1,0.1,0.1,0.1,simulationGroup1
194,4.5,0.8,18.7,0.5,0.91,0.49,0.26,1.64,1.34,0.65,0.27,0.51,0.57,0.98,2.7,0.01,0.03,0.1,0.23,0.54,0.32,0.18,0.23,0.1,0.1,0.1,0.1,0.1,simulationGroup1
195,4.5,0.8,18.7,0.5,0.91,0.49,0.26,1.64,1.34,0.65,0.27,0.51,0.57,0.98,2.7,0.01,0.03,0.1,0.23,0.54,0.32,0.18,0.23,0.1,0.1,0.1,0.1,0.1,simulationGroup1
196,4.5,0.8,18.7,0.5,0.91,0.49,0.26,1.64,1.34,0.65,0.27,0.51,0.57,0.98,2.7,0.01,0.03,0.1,0.23,0.54,0.32,0.18,0.23,0.1,0.1,0.1,0.1,0.1,simulationGroup1
197,4.5,0.8,18.7,0.5,0.91,0.49,0.26,1.64,1.34,0.65,0.27,0.51,0.57,0.98,2.7,0.01,0.03,0.1,0.23,0.54,0.32,0.18,0.23,0.1,0.1,0.1,0.1,0.1,simulationGroup1
198,4.5,0.8,18.7,0.5,0.91,0.49,0.26,1.64,1.34,0.65,0.27,0.51,0.57,0.98,2.7,0.01,0.03,0.1,0.23,0.54,0.32,0.18,0.23,0.1,0.1,0.1,0.1,0.1,simulationGroup1
199,4.5,0.8,18.7,0.5,0.91,0.49,0.26,1.64,1.34,0.65,0.27,0.51,0.57,0.98,2.7,0.01,0.03,0.1,0.23,0.54,0.32,0.18,0.23,0.1,0.1,0.1,0.1,0.1,simulationGroup1
200,4.5,0.8,18.7,0.5,0.91,0.49,0.26,1.64,1.34,0.65,0.27,0.51,0.57,0.98,2.7,0.01,0.03,0.1,0.23,0.54,0.32,0.18,0.23,0.1,0.1,0.1,0.1,0.1,simulationGroup1
201,4.5,0.8,18.7,0.5,0.91,0.49,0.26,1.64,1.34,0.65,0.27,0.51,0.57,0.98,2.7,0.01,0.03,0.1,0.23,0.54,0.32,0.18,0.23,0.1,0.1,0.1,0.1,0.1,simulationGroup1
202,4.5,0.8,18.7,0.5,0.91,0.49,0.26,1.64,1.34,0.65,0.27,0.51,0.57,0.98,2.7,0.01,0.03,0.1,0.23,0.54,0.32,0.18,0.23,0.1,0.1,0.1,0.1,0.1,simulationGroup1
203,4.5,0.8,18.7,0.5,0.91,0.49,0.26,1.64,1.34,0.65,0.27,0.51,0.57,0.98,2.7,0.01,0.03,0.1,0.23,0.54,0.32,0.18,0.23,0.1,0.1,0.1,0.1,0.1,simulationGroup1
204,4.5,0.8,18.7,0.5,0.91,0.49,0.26,1.64,1.34,0.65,0.27,0.51,0.57,0.98,2.7,0.01,0.03,0.1,0.23,0.54,0.32,0.18,0.23,0.1,0.1,0.1,0.1,0.1,simulationGroup1
205,4.5,0.8,18.7,0.5,0.91,0.49,0.26,1.64,1.34,0.65,0.27,0.51,0.57,0.98,2.7,0.01,0.03,0.1,0.23,0.54,0.32,0.18,0.23,0.1,0.1,0.1,0.1,0.1,simulationGroup1
206,4.5,0.8,18.7,0.5,0.91,0.49,0.26,1.64,1.34,0.65,0.27,0.51,0.57,0.98,2.7,0.01,0.03,0.1,0.23,0.54,0.32,0.18,0.23,0.1,0.1,0.1,0.1,0.1,simulationGroup1
207,4.5,0.8,18.7,0.5,0.91,0.49,0.26,1.64,1.34,0.65,0.27,0.51,0.57,0.98,2.7,0.01,0.03,0.1,0.23,0.54,0.32,0.18,0.23,0.1,0.1,0.1,0.1,0.1,simulationGroup1
208,4.5,0.8,18.7,0.5,0.91,0.49,0.26,1.64,1.34,0.65,0.27,0.51,0.57,0.98,2.7,0.01,0.03,0.1,0.23,0.54,0.32,0.18,0.23,0.1,0.1,0.1,0.1,0.1,simulationGroup1
209,4.5,0.8,18.7,0.5,0.91,0.49,0.26,1.64,1.34,0.65,0.27,0.51,0.57,0.98,2.7,0.01,0.03,0.1,0.23,0.54,0.32,0.18,0.23,0.1,0.1,0.1,0.1,0.1,simulationGroup1
210,4.5,0.8,18.7,0.5,0.91,0.49,0.26,1.64,1.34,0.65,0.27,0.51,0.57,0.98,2.7,0.01,0.03,0.1,0.23,0.54,0.32,0.18,0.23,0.1,0.1,0.1,0.1,0.1,simulationGroup1
211,4.5,0.8,18.7,0.5,0.91,0.49,0.26,1.64,1.34,0.65,0.27,0.51,0.57,0.98,2.7,0.01,0.03,0.1,0.23,0.54,0.32,0.18,0.23,0.1,0.1,0.1,0.1,0.1,simulationGroup1
212,4.5,0.8,18.7,0.5,0.91,0.49,0.26,1.64,1.34,0.65,0.27,0.51,0.57,0.98,2.7,0.01,0.03,0.1,0.23,0.54,0.32,0.18,0.23,0.1,0.1,0.1,0.1,0.1,simulationGroup1
213,4.5,0.8,18.7,0.5,0.91,0.49,0.26,1.64,1.34,0.65,0.27,0.51,0.57,0.98,2.7,0.01,0.03,0.1,0.23,0.54,0.32,0.18,0.23,0.1,0.1,0.1,0.1,0.1,simulationGroup1
214,4.5,0.8,18.7,0.5,0.91,0.49,0.26,1.64,1.34,0.65,0.27,0.51,0.57,0.98,2.7,0.01,0.03,0.1,0.23,0.54,0.32,0.18,0.23,0.1,0.1,0.1,0.1,0.1,simulationGroup1
215,4.5,0.8,18.7,0.5,0.91,0.49,0.26,1.64,1.34,0.65,0.27,0.51,0.57,0.98,2.7,0.01,0.03,0.1,0.23,0.54,0.32,0.18,0.23,0.1,0.1,0.1,0.1,0.1,simulationGroup1
216,4.5,0.8,18.7,0.5,0.91,0.49,0.26,1.64,1.34,0.65,0.27,0.51,0.57,0.98,2.7,0.01,0.03,0.1,0.23,0.54,0.32,0.18,0.23,0.1,0.1,0.1,0.1,0.1,simulationGroup1
217,4.5,0.8,18.7,0.5,0.91,0.49,0.26,1.64,1.34,0.65,0.27,0.51,0.57,0.98,2.7,0.01,0.03,0.1,0.23,0.54,0.32,0.18,0.23,0.1,0.1,0.1,0.1,0.1,simulationGroup1
218,4.5,0.8,18.7,0.5,0.91,0.49,0.26,1.64,1.34,0.65,0.27,0.51,0.57,0.98,2.7,0.01,0.03,0.1,0.23,0.54,0.32,0.18,0.23,0.1,0.1,0.1,0.1,0.1,simulationGroup1
219,4.5,0.8,18.7,0.5,0.91,0.49,0.26,1.64,1.34,0.65,0.27,0.51,0.57,0.98,2.7,0.01,0.03,0.1,0.23,0.54,0.32,0.18,0.23,0.1,0.1,0.1,0.1,0.1,simulationGroup1
220,4.5,0.8,18.7,0.5,0.91,0.49,0.26,1.64,1.34,0.65,0.27,0.51,0.57,0.98,2.7,0.01,0.03,0.1,0.23,0.54,0.32,0.18,0.23,0.1,0.1,0.1,0.1,0.1,simulationGroup1
221,4.5,0.8,18.7,0.5,0.91,0.49,0.26,1.64,1.34,0.65,0.27,0.51,0.57,0.98,2.7,0.01,0.03,0.1,0.23,0.54,0.32,0.18,0.23,0.1,0.1,0.1,0.1,0.1,simulationGroup1
222,4.5,0.8,18.7,0.5,0.91,0.49,0.26,1.64,1.34,0.65,0.27,0.51,0.57,0.98,2.7,0.01,0.03,0.1,0.23,0.54,0.32,0.18,0.23,0.1,0.1,0.1,0.1,0.1,simulationGroup1
223,4.5,0.8,18.7,0.5,0.91,0.49,0.26,1.64,1.34,0.65,0.27,0.51,0.57,0.98,2.7,0.01,0.03,0.1,0.23,0.54,0.32,0.18,0.23,0.1,0.1,0.1,0.1,0.1,simulationGroup1
224,4.5,0.8,18.7,0.5,0.91,0.49,0.26,1.64,1.34,0.65,0.27,0.51,0.57,0.98,2.7,0.01,0.03,0.1,0.23,0.54,0.32,0.18,0.23,0.1,0.1,0.1,0.1,0.1,simulationGroup1
225,4.5,0.8,18.7,0.5,0.91,0.49,0.26,1.64,1.34,0.65,0.27,0.51,0.57,0.98,2.7,0.01,0.03,0.1,0.23,0.54,0.32,0.18,0.23,0.1,0.1,0.1,0.1,0.1,simulationGroup1
226,4.5,0.8,18.7,0.5,0.91,0.49,0.26,1.64,1.34,0.65,0.27,0.51,0.57,0.98,2.7,0.01,0.03,0.1,0.23,0.54,0.32,0.18,0.23,0.1,0.1,0.1,0.1,0.1,simulationGroup1
227,4.5,0.8,18.7,0.5,0.91,0.49,0.26,1.64,1.34,0.65,0.27,0.51,0.57,0.98,2.7,0.01,0.03,0.1,0.23,0.54,0.32,0.18,0.23,0.1,0.1,0.1,0.1,0.1,simulationGroup1
228,4.5,0.8,18.7,0.5,0.91,0.49,0.26,1.64,1.34,0.65,0.27,0.51,0.57,0.98,2.7,0.01,0.03,0.1,0.23,0.54,0.32,0.18,0.23,0.1,0.1,0.1,0.1,0.1,simulationGroup1
229,4.5,0.8,18.7,0.5,0.91,0.49,0.26,1.64,1.34,0.65,0.27,0.51,0.57,0.98,2.7,0.01,0.03,0.1,0.23,0.54,0.32,0.18,0.23,0.1,0.1,0.1,0.1,0.1,simulationGroup1
230,4.5,0.8,18.7,0.5,0.91,0.49,0.26,1.64,1.34,0.65,0.27,0.51,0.57,0.98,2.7,0.01,0.03,0.1,0.23,0.54,0.32,0.18,0.23,0.1,0.1,0.1,0.1,0.1,simulationGroup1
231,4.5,0.8,18.7,0.5,0.91,0.49,0.26,1.64,1.34,0.65,0.27,0.51,0.57,0.98,2.7,0.01,0.03,0.1,0.23,0.54,0.32,0.18,0.23,0.1,0.1,0.1,0.1,0.1,simulationGroup1
232,4.5,0.8,18.7,0.5,0.91,0.49,0.26,1.64,1.34,0.65,0.27,0.51,0.57,0.98,2.7,0.01,0.03,0.1,0.23,0.54,0.32,0.18,0.23,0.1,0.1,0.1,0.1,0.1,simulationGroup1
233,4.5,0.8,18.7,0.5,0.91,0.49,0.26,1.64,1.34,0.65,0.27,0.51,0.57,0.98,2.7,0.01,0.03,0.1,0.23,0.54,0.32,0.18,0.23,0.1,0.1,0.1,0.1,0.1,simulationGroup1
234,4.5,0.8,18.7,0.5,0.91,0.49,0.26,1.64,1.34,0.65,0.27,0.51,0.57,0.98,2.7,0.01,0.03,0.1,0.23,0.54,0.32,0.18,0.23,0.1,0.1,0.1,0.1,0.1,simulationGroup1
235,4.5,0.8,18.7,0.5,0.91,0.49,0.26,1.64,1.34,0.65,0.27,0.51,0.57,0.98,2.7,0.01,0.03,0.1,0.23,0.54,0.32,0.18,0.23,0.1,0.1,0.1,0.1,0.1,simulationGroup1
236,4.5,0.8,18.7,0.5,0.91,0.49,0.26,1.64,1.34,0.65,0.27,0.51,0.57,0.98,2.7,0.01,0.03,0.1,0.23,0.54,0.32,0.18,0.23,0.1,0.1,0.1,0.1,0.1,simulationGroup1
237,4.5,0.8,18.7,0.5,0.91,0.49,0.26,1.64,1.34,0.65,0.27,0.51,0.57,0.98,2.7,0.01,0.03,0.1,0.23,0.54,0.32,0.18,0.23,0.1,0.1,0.1,0.1,0.1,simulationGroup1
238,4.5,0.8,18.7,0.5,0.91,0.49,0.26,1.64,1.34,0.65,0.27,0.51,0.57,0.98,2.7,0.01,0.03,0.1,0.23,0.54,0.32,0.18,0.23,0.1,0.1,0.1,0.1,0.1,simulationGroup1
239,4.5,0.8,18.7,0.5,0.91,0.49,0.26,1.64,1.34,0.65,0.27,0.51,0.57,0.98,2.7,0.01,0.03,0.1,0.23,0.54,0.32,0.18,0.23,0.1,0.1,0.1,0.1,0.1,simulationGroup1
240,4.5,0.8,18.7,0.5,0.91,0.49,0.26,1.64,1.34,0.65,0.27,0.51,0.57,0.98,2.7,0.01,0.03,0.1,0.23,0.54,0.32,0.18,0.23,0.1,0.1,0.1,0.1,0.1,simulationGroup1
241,4.5,0.8,18.7,0.5,0.91,0.49,0.26,1.64,1.34,0.65,0.27,0.51,0.57,0.98,2.7,0.01,0.03,0.1,0.23,0.54,0.32,0.18,0.23,0.1,0.1,0.1,0.1,0.1,simulationGroup1
242,4.5,0.8,18.7,0.5,0.91,0.49,0.26,1.64,1.34,0.65,0.27,0.51,0.57,0.98,2.7,0.01,0.03,0.1,0.23,0.54,0.32,0.18,0.23,0.1,0.1,0.1,0.1,0.1,simulationGroup1
243,4.5,0.8,18.7,0.5,0.91,0.49,0.26,1.64,1.34,0.65,0.27,0.51,0.57,0.98,2.7,0.01,0.03,0.1,0.23,0.54,0.32,0.18,0.23,0.1,0.1,0.1,0.1,0.1,simulationGroup1
244,4.5,0.8,18.7,0.5,0.91,0.49,0.26,1.64,1.34,0.65,0.27,0.51,0.57,0.98,2.7,0.01,0.03,0.1,0.23,0.54,0.32,0.18,0.23,0.1,0.1,0.1,0.1,0.1,simulationGroup1
245,4.5,0.8,18.7,0.5,0.91,0.49,0.26,1.64,1.34,0.65,0.27,0.51,0.57,0.98,2.7,0.01,0.03,0.1,0.23,0.54,0.32,0.18,0.23,0.1,0.1,0.1,0.1,0.1,simulationGroup1
246,4.5,0.8,18.7,0.5,0.91,0.49,0.26,1.64,1.34,0.65,0.27,0.51,0.57,0.98,2.7,0.01,0.03,0.1,0.23,0.54,0.32,0.18,0.23,0.1,0.1,0.1,0.1,0.1,simulationGroup1
247,4.5,0.8,18.7,0.5,0.91,0.49,0.26,1.64,1.34,0.65,0.27,0.51,0.57,0.98,2.7,0.01,0.03,0.1,0.23,0.54,0.32,0.18,0.23,0.1,0.1,0.1,0.1,0.1,simulationGroup1
248,4.5,0.8,18.7,0.5,0.91,0.49,0.26,1.64,1.34,0.65,0.27,0.51,0.57,0.98,2.7,0.01,0.03,0.1,0.23,0.54,0.32,0.18,0.23,0.1,0.1,0.1,0.1,0.1,simulationGroup1
249,4.5,0.8,18.7,0.5,0.91,0.49,0.26,1.64,1.34,0.65,0.27,0.51,0.57,0.98,2.7,0.01,0.03,0.1,0.23,0.54,0.32,0.18,0.23,0.1,0.1,0.1,0.1,0.1,simulationGroup1
250,4.5,0.8,18.7,0.5,0.91,0.49,0.26,1.64,1.34,0.65,0.27,0.51,0.57,0.98,2.7,0.01,0.03,0.1,0.23,0.54,0.32,0.18,0.23,0.1,0.1,0.1,0.1,0.1,simulationGroup1
251,4.5,0.8,18.7,0.5,0.91,0.49,0.26,1.64,1.34,0.65,0.27,0.51,0.57,0.98,2.7,0.01,0.03,0.1,0.23,0.54,0.32,0.18,0.23,0.1,0.1,0.1,0.1,0.1,simulationGroup1
252,4.5,0.8,18.7,0.5,0.91,0.49,0.26,1.64,1.34,0.65,0.27,0.51,0.57,0.98,2.7,0.01,0.03,0.1,0.23,0.54,0.32,0.18,0.23,0.1,0.1,0.1,0.1,0.1,simulationGroup1
253,4.5,0.8,18.7,0.5,0.91,0.49,0.26,1.64,1.34,0.65,0.27,0.51,0.57,0.98,2.7,0.01,0.03,0.1,0.23,0.54,0.32,0.18,0.23,0.1,0.1,0.1,0.1,0.1,simulationGroup1
254,4.5,0.8,18.7,0.5,0.91,0.49,0.26,1.64,1.34,0.65,0.27,0.51,0.57,0.98,2.7,0.01,0.03,0.1,0.23,0.54,0.32,0.18,0.23,0.1,0.1,0.1,0.1,0.1,simulationGroup1
255,4.5,0.8,18.7,0.5,0.91,0.49,0.26,1.64,1.34,0.65,0.27,0.51,0.57,0.98,2.7,0.01,0.03,0.1,0.23,0.54,0.32,0.18,0.23,0.1,0.1,0.1,0.1,0.1,simulationGroup1
256,4.5,0.8,18.7,0.5,0.91,0.49,0.26,1.64,1.34,0.65,0.27,0.51,0.57,0.98,2.7,0.01,0.03,0.1,0.23,0.54,0.32,0.18,0.23,0.1,0.1,0.1,0.1,0.1,simulationGroup1
257,4.5,0.8,18.7,0.5,0.91,0.49,0.26,1.64,1.34,0.65,0.27,0.51,0.57,0.98,2.7,0.01,0.03,0.1,0.23,0.54,0.32,0.18,0.23,0.1,0.1,0.1,0.1,0.1,simulationGroup1
258,4.5,0.8,18.7,0.5,0.91,0.49,0.26,1.64,1.34,0.65,0.27,0.51,0.57,0.98,2.7,0.01,0.03,0.1,0.23,0.54,0.32,0.18,0.23,0.1,0.1,0.1,0.1,0.1,simulationGroup1
259,4.5,0.8,18.7,0.5,0.91,0.49,0.26,1.64,1.34,0.65,0.27,0.51,0.57,0.98,2.7,0.01,0.03,0.1,0.23,0.54,0.32,0.18,0.23,0.1,0.1,0.1,0.1,0.1,simulationGroup1
260,4.5,0.8,18.7,0.5,0.91,0.49,0.26,1.64,1.34,0.65,0.27,0.51,0.57,0.98,2.7,0.01,0.03,0.1,0.23,0.54,0.32,0.18,0.23,0.1,0.1,0.1,0.1,0.1,simulationGroup1
261,4.5,0.8,18.7,0.5,0.91,0.49,0.26,1.64,1.34,0.65,0.27,0.51,0.57,0.98,2.7,0.01,0.03,0.1,0.23,0.54,0.32,0.18,0.23,0.1,0.1,0.1,0.1,0.1,simulationGroup1
262,4.5,0.8,18.7,0.5,0.91,0.49,0.26,1.64,1.34,0.65,0.27,0.51,0.57,0.98,2.7,0.01,0.03,0.1,0.23,0.54,0.32,0.18,0.23,0.1,0.1,0.1,0.1,0.1,simulationGroup1
263,4.5,0.8,18.7,0.5,0.91,0.49,0.26,1.64,1.34,0.65,0.27,0.51,0.57,0.98,2.7,0.01,0.03,0.1,0.23,0.54,0.32,0.18,0.23,0.1,0.1,0.1,0.1,0.1,simulationGroup1
264,4.5,0.8,18.7,0.5,0.91,0.49,0.26,1.64,1.34,0.65,0.27,0.51,0.57,0.98,2.7,0.01,0.03,0.1,0.23,0.54,0.32,0.18,0.23,0.1,0.1,0.1,0.1,0.1,simulationGroup1
265,4.5,0.8,18.7,0.5,0.91,0.49,0.26,1.64,1.34,0.65,0.27,0.51,0.57,0.98,2.7,0.01,0.03,0.1,0.23,0.54,0.32,0.18,0.23,0.1,0.1,0.1,0.1,0.1,simulationGroup1
266,4.5,0.8,18.7,0.5,0.91,0.49,0.26,1.64,1.34,0.65,0.27,0.51,0.57,0.98,2.7,0.01,0.03,0.1,0.23,0.54,0.32,0.18,0.23,0.1,0.1,0.1,0.1,0.1,simulationGroup1
267,4.5,0.8,18.7,0.5,0.91,0.49,0.26,1.64,1.34,0.65,0.27,0.51,0.57,0.98,2.7,0.01,0.03,0.1,0.23,0.54,0.32,0.18,0.23,0.1,0.1,0.1,0.1,0.1,simulationGroup1
268,4.5,0.8,18.7,0.5,0.91,0.49,0.26,1.64,1.34,0.65,0.27,0.51,0.57,0.98,2.7,0.01,0.03,0.1,0.23,0.54,0.32,0.18,0.23,0.1,0.1,0.1,0.1,0.1,simulationGroup1
269,4.5,0.8,18.7,0.5,0.91,0.49,0.26,1.64,1.34,0.65,0.27,0.51,0.57,0.98,2.7,0.01,0.03,0.1,0.23,0.54,0.32,0.18,0.23,0.1,0.1,0.1,0.1,0.1,simulationGroup1
270,4.5,0.8,18.7,0.5,0.91,0.49,0.26,1.64,1.34,0.65,0.27,0.51,0.57,0.98,2.7,0.01,0.03,0.1,0.23,0.54,0.32,0.18,0.23,0.1,0.1,0.1,0.1,0.1,simulationGroup1
271,4.5,0.8,18.7,0.5,0.91,0.49,0.26,1.64,1.34,0.65,0.27,0.51,0.57,0.98,2.7,0.01,0.03,0.1,0.23,0.54,0.32,0.18,0.23,0.1,0.1,0.1,0.1,0.1,simulationGroup1
272,4.5,0.8,18.7,0.5,0.91,0.49,0.26,1.64,1.34,0.65,0.27,0.51,0.57,0.98,2.7,0.01,0.03,0.1,0.23,0.54,0.32,0.18,0.23,0.1,0.1,0.1,0.1,0.1,simulationGroup1
273,4.5,0.8,18.7,0.5,0.91,0.49,0.26,1.64,1.34,0.65,0.27,0.51,0.57,0.98,2.7,0.01,0.03,0.1,0.23,0.54,0.32,0.18,0.23,0.1,0.1,0.1,0.1,0.1,simulationGroup1
274,4.5,0.8,18.7,0.5,0.91,0.49,0.26,1.64,1.34,0.65,0.27,0.51,0.57,0.98,2.7,0.01,0.03,0.1,0.23,0.54,0.32,0.18,0.23,0.1,0.1,0.1,0.1,0.1,simulationGroup1
275,4.5,0.8,18.7,0.5,0.91,0.49,0.26,1.64,1.34,0.65,0.27,0.51,0.57,0.98,2.7,0.01,0.03,0.1,0.23,0.54,0.32,0.18,0.23,0.1,0.1,0.1,0.1,0.1,simulationGroup1
276,4.5,0.8,18.7,0.5,0.91,0.49,0.26,1.64,1.34,0.65,0.27,0.51,0.57,0.98,2.7,0.01,0.03,0.1,0.23,0.54,0.32,0.18,0.23,0.1,0.1,0.1,0.1,0.1,simulationGroup1
277,4.5,0.8,18.7,0.5,0.91,0.49,0.26,1.64,1.34,0.65,0.27,0.51,0.57,0.98,2.7,0.01,0.03,0.1,0.23,0.54,0.32,0.18,0.23,0.1,0.1,0.1,0.1,0.1,simulationGroup1
278,4.5,0.8,18.7,0.5,0.91,0.49,0.26,1.64,1.34,0.65,0.27,0.51,0.57,0.98,2.7,0.01,0.03,0.1,0.23,0.54,0.32,0.18,0.23,0.1,0.1,0.1,0.1,0.1,simulationGroup1
279,4.5,0.8,18.7,0.5,0.91,0.49,0.26,1.64,1.34,0.65,0.27,0.51,0.57,0.98,2.7,0.01,0.03,0.1,0.23,0.54,0.32,0.18,0.23,0.1,0.1,0.1,0.1,0.1,simulationGroup1
280,4.5,0.8,18.7,0.5,0.91,0.49,0.26,1.64,1.34,0.65,0.27,0.51,0.57,0.98,2.7,0.01,0.03,0.1,0.23,0.54,0.32,0.18,0.23,0.1,0.1,0.1,0.1,0.1,simulationGroup1
281,4.5,0.8,18.7,0.5,0.91,0.49,0.26,1.64,1.34,0.65,0.27,0.51,0.57,0.98,2.7,0.01,0.03,0.1,0.23,0.54,0.32,0.18,0.23,0.1,0.1,0.1,0.1,0.1,simulationGroup1
282,4.5,0.8,18.7,0.5,0.91,0.49,0.26,1.64,1.34,0.65,0.27,0.51,0.57,0.98,2.7,0.01,0.03,0.1,0.23,0.54,0.32,0.18,0.23,0.1,0.1,0.1,0.1,0.1,simulationGroup1
283,4.5,0.8,18.7,0.5,0.91,0.49,0.26,1.64,1.34,0.65,0.27,0.51,0.57,0.98,2.7,0.01,0.03,0.1,0.23,0.54,0.32,0.18,0.23,0.1,0.1,0.1,0.1,0.1,simulationGroup1
284,4.5,0.8,18.7,0.5,0.91,0.49,0.26,1.64,1.34,0.65,0.27,0.51,0.57,0.98,2.7,0.01,0.03,0.1,0.23,0.54,0.32,0.18,0.23,0.1,0.1,0.1,0.1,0.1,simulationGroup1
285,4.5,0.8,18.7,0.5,0.91,0.49,0.26,1.64,1.34,0.65,0.27,0.51,0.57,0.98,2.7,0.01,0.03,0.1,0.23,0.54,0.32,0.18,0.23,0.1,0.1,0.1,0.1,0.1,simulationGroup1
286,4.5,0.8,18.7,0.5,0.91,0.49,0.26,1.64,1.34,0.65,0.27,0.51,0.57,0.98,2.7,0.01,0.03,0.1,0.23,0.54,0.32,0.18,0.23,0.1,0.1,0.1,0.1,0.1,simulationGroup1
287,4.5,0.8,18.7,0.5,0.91,0.49,0.26,1.64,1.34,0.65,0.27,0.51,0.57,0.98,2.7,0.01,0.03,0.1,0.23,0.54,0.32,0.18,0.23,0.1,0.1,0.1,0.1,0.1,simulationGroup1
288,4.5,0.8,18.7,0.5,0.91,0.49,0.26,1.64,1.34,0.65,0.27,0.51,0.57,0.98,2.7,0.01,0.03,0.1,0.23,0.54,0.32,0.18,0.23,0.1,0.1,0.1,0.1,0.1,simulationGroup1
289,4.5,0.8,18.7,0.5,0.91,0.49,0.26,1.64,1.34,0.65,0.27,0.51,0.57,0.98,2.7,0.01,0.03,0.1,0.23,0.54,0.32,0.18,0.23,0.1,0.1,0.1,0.1,0.1,simulationGroup1
290,4.5,0.8,18.7,0.5,0.91,0.49,0.26,1.64,1.34,0.65,0.27,0.51,0.57,0.98,2.7,0.01,0.03,0.1,0.23,0.54,0.32,0.18,0.23,0.1,0.1,0.1,0.1,0.1,simulationGroup1
291,4.5,0.8,18.7,0.5,0.91,0.49,0.26,1.64,1.34,0.65,0.27,0.51,0.57,0.98,2.7,0.01,0.03,0.1,0.23,0.54,0.32,0.18,0.23,0.1,0.1,0.1,0.1,0.1,simulationGroup1
292,4.5,0.8,18.7,0.5,0.91,0.49,0.26,1.64,1.34,0.65,0.27,0.51,0.57,0.98,2.7,0.01,0.03,0.1,0.23,0.54,0.32,0.18,0.23,0.1,0.1,0.1,0.1,0.1,simulationGroup1
293,4.5,0.8,18.7,0.5,0.91,0.49,0.26,1.64,1.34,0.65,0.27,0.51,0.57,0.98,2.7,0.01,0.03,0.1,0.23,0.54,0.32,0.18,0.23,0.1,0.1,0.1,0.1,0.1,simulationGroup1
294,4.5,0.8,18.7,0.5,0.91,0.49,0.26,1.64,1.34,0.65,0.27,0.51,0.57,0.98,2.7,0.01,0.03,0.1,0.23,0.54,0.32,0.18,0.23,0.1,0.1,0.1,0.1,0.1,simulationGroup1
295,4.5,0.8,18.7,0.5,0.91,0.49,0.26,1.64,1.34,0.65,0.27,0.51,0.57,0.98,2.7,0.01,0.03,0.1,0.23,0.54,0.32,0.18,0.23,0.1,0.1,0.1,0.1,0.1,simulationGroup1
296,4.5,0.8,18.7,0.5,0.91,0.49,0.26,1.64,1.34,0.65,0.27,0.51,0.57,0.98,2.7,0.01,0.03,0.1,0.23,0.54,0.32,0.18,0.23,0.1,0.1,0.1,0.1,0.1,simulationGroup1
297,4.5,0.8,18.7,0.5,0.91,0.49,0.26,1.64,1.34,0.65,0.27,0.51,0.57,0.98,2.7,0.01,0.03,0.1,0.23,0.54,0.32,0.18,0.23,0.1,0.1,0.1,0.1,0.1,simulationGroup1
298,4.5,0.8,18.7,0.5,0.91,0.49,0.26,1.64,1.34,0.65,0.27,0.51,0.57,0.98,2.7,0.01,0.03,0.1,0.23,0.54,0.32,0.18,0.23,0.1,0.1,0.1,0.1,0.1,simulationGroup1
299,4.5,0.8,18.7,0.5,0.91,0.49,0.26,1.64,1.34,0.65,0.27,0.51,0.57,0.98,2.7,0.01,0.03,0.1,0.23,0.54,0.32,0.18,0.23,0.1,0.1,0.1,0.1,0.1,simulationGroup1
300,4.5,0.8,18.7,0.5,0.91,0.49,0.26,1.64,1.34,0.65,0.27,0.51,0.57,0.98,2.7,0.01,0.03,0.1,0.23,0.54,0.32,0.18,0.23,0.1,0.1,0.1,0.1,0.1,simulationGroup1
