rep,fM1_pop,omega_fM1,fM2_pop,omega_fM2,theta_1_pop,omega_theta_1,theta_2_pop,omega_theta_2,delta_V,delta_S,delta_Ab,alpha_1,sigma_Ab,sigma_1,group
1,1,1.72,1.65,0.847,0.426,0.893,6.12,0.247,2.7,0.0322,0.08,0.236,0.644,0.0557,simulationGroup1
2,1,1.72,1.65,0.847,0.426,0.893,6.12,0.247,2.7,0.0322,0.08,0.236,0.644,0.0557,simulationGroup1
3,1,1.72,1.65,0.847,0.426,0.893,6.12,0.247,2.7,0.0322,0.08,0.236,0.644,0.0557,simulationGroup1
4,1,1.72,1.65,0.847,0.426,0.893,6.12,0.247,2.7,0.0322,0.08,0.236,0.644,0.0557,simulationGroup1
5,1,1.72,1.65,0.847,0.426,0.893,6.12,0.247,2.7,0.0322,0.08,0.236,0.644,0.0557,simulationGroup1
6,1,1.72,1.65,0.847,0.426,0.893,6.12,0.247,2.7,0.0322,0.08,0.236,0.644,0.0557,simulationGroup1
7,1,1.72,1.65,0.847,0.426,0.893,6.12,0.247,2.7,0.0322,0.08,0.236,0.644,0.0557,simulationGroup1
8,1,1.72,1.65,0.847,0.426,0.893,6.12,0.247,2.7,0.0322,0.08,0.236,0.644,0.0557,simulationGroup1
9,1,1.72,1.65,0.847,0.426,0.893,6.12,0.247,2.7,0.0322,0.08,0.236,0.644,0.0557,simulationGroup1
10,1,1.72,1.65,0.847,0.426,0.893,6.12,0.247,2.7,0.0322,0.08,0.236,0.644,0.0557,simulationGroup1
11,1,1.72,1.65,0.847,0.426,0.893,6.12,0.247,2.7,0.0322,0.08,0.236,0.644,0.0557,simulationGroup1
12,1,1.72,1.65,0.847,0.426,0.893,6.12,0.247,2.7,0.0322,0.08,0.236,0.644,0.0557,simulationGroup1
13,1,1.72,1.65,0.847,0.426,0.893,6.12,0.247,2.7,0.0322,0.08,0.236,0.644,0.0557,simulationGroup1
14,1,1.72,1.65,0.847,0.426,0.893,6.12,0.247,2.7,0.0322,0.08,0.236,0.644,0.0557,simulationGroup1
15,1,1.72,1.65,0.847,0.426,0.893,6.12,0.247,2.7,0.0322,0.08,0.236,0.644,0.0557,simulationGroup1
16,1,1.72,1.65,0.847,0.426,0.893,6.12,0.247,2.7,0.0322,0.08,0.236,0.644,0.0557,simulationGroup1
17,1,1.72,1.65,0.847,0.426,0.893,6.12,0.247,2.7,0.0322,0.08,0.236,0.644,0.0557,simulationGroup1
18,1,1.72,1.65,0.847,0.426,0.893,6.12,0.247,2.7,0.0322,0.08,0.236,0.644,0.0557,simulationGroup1
19,1,1.72,1.65,0.847,0.426,0.893,6.12,0.247,2.7,0.0322,0.08,0.236,0.644,0.0557,simulationGroup1
20,1,1.72,1.65,0.847,0.426,0.893,6.12,0.247,2.7,0.0322,0.08,0.236,0.644,0.0557,simulationGroup1
21,1,1.72,1.65,0.847,0.426,0.893,6.12,0.247,2.7,0.0322,0.08,0.236,0.644,0.0557,simulationGroup1
22,1,1.72,1.65,0.847,0.426,0.893,6.12,0.247,2.7,0.0322,0.08,0.236,0.644,0.0557,simulationGroup1
23,1,1.72,1.65,0.847,0.426,0.893,6.12,0.247,2.7,0.0322,0.08,0.236,0.644,0.0557,simulationGroup1
24,1,1.72,1.65,0.847,0.426,0.893,6.12,0.247,2.7,0.0322,0.08,0.236,0.644,0.0557,simulationGroup1
25,1,1.72,1.65,0.847,0.426,0.893,6.12,0.247,2.7,0.0322,0.08,0.236,0.644,0.0557,simulationGroup1
26,1,1.72,1.65,0.847,0.426,0.893,6.12,0.247,2.7,0.0322,0.08,0.236,0.644,0.0557,simulationGroup1
27,1,1.72,1.65,0.847,0.426,0.893,6.12,0.247,2.7,0.0322,0.08,0.236,0.644,0.0557,simulationGroup1
28,1,1.72,1.65,0.847,0.426,0.893,6.12,0.247,2.7,0.0322,0.08,0.236,0.644,0.0557,simulationGroup1
29,1,1.72,1.65,0.847,0.426,0.893,6.12,0.247,2.7,0.0322,0.08,0.236,0.644,0.0557,simulationGroup1
30,1,1.72,1.65,0.847,0.426,0.893,6.12,0.247,2.7,0.0322,0.08,0.236,0.644,0.0557,simulationGroup1
31,1,1.72,1.65,0.847,0.426,0.893,6.12,0.247,2.7,0.0322,0.08,0.236,0.644,0.0557,simulationGroup1
32,1,1.72,1.65,0.847,0.426,0.893,6.12,0.247,2.7,0.0322,0.08,0.236,0.644,0.0557,simulationGroup1
33,1,1.72,1.65,0.847,0.426,0.893,6.12,0.247,2.7,0.0322,0.08,0.236,0.644,0.0557,simulationGroup1
34,1,1.72,1.65,0.847,0.426,0.893,6.12,0.247,2.7,0.0322,0.08,0.236,0.644,0.0557,simulationGroup1
35,1,1.72,1.65,0.847,0.426,0.893,6.12,0.247,2.7,0.0322,0.08,0.236,0.644,0.0557,simulationGroup1
36,1,1.72,1.65,0.847,0.426,0.893,6.12,0.247,2.7,0.0322,0.08,0.236,0.644,0.0557,simulationGroup1
37,1,1.72,1.65,0.847,0.426,0.893,6.12,0.247,2.7,0.0322,0.08,0.236,0.644,0.0557,simulationGroup1
38,1,1.72,1.65,0.847,0.426,0.893,6.12,0.247,2.7,0.0322,0.08,0.236,0.644,0.0557,simulationGroup1
39,1,1.72,1.65,0.847,0.426,0.893,6.12,0.247,2.7,0.0322,0.08,0.236,0.644,0.0557,simulationGroup1
40,1,1.72,1.65,0.847,0.426,0.893,6.12,0.247,2.7,0.0322,0.08,0.236,0.644,0.0557,simulationGroup1
41,1,1.72,1.65,0.847,0.426,0.893,6.12,0.247,2.7,0.0322,0.08,0.236,0.644,0.0557,simulationGroup1
42,1,1.72,1.65,0.847,0.426,0.893,6.12,0.247,2.7,0.0322,0.08,0.236,0.644,0.0557,simulationGroup1
43,1,1.72,1.65,0.847,0.426,0.893,6.12,0.247,2.7,0.0322,0.08,0.236,0.644,0.0557,simulationGroup1
44,1,1.72,1.65,0.847,0.426,0.893,6.12,0.247,2.7,0.0322,0.08,0.236,0.644,0.0557,simulationGroup1
45,1,1.72,1.65,0.847,0.426,0.893,6.12,0.247,2.7,0.0322,0.08,0.236,0.644,0.0557,simulationGroup1
46,1,1.72,1.65,0.847,0.426,0.893,6.12,0.247,2.7,0.0322,0.08,0.236,0.644,0.0557,simulationGroup1
47,1,1.72,1.65,0.847,0.426,0.893,6.12,0.247,2.7,0.0322,0.08,0.236,0.644,0.0557,simulationGroup1
48,1,1.72,1.65,0.847,0.426,0.893,6.12,0.247,2.7,0.0322,0.08,0.236,0.644,0.0557,simulationGroup1
49,1,1.72,1.65,0.847,0.426,0.893,6.12,0.247,2.7,0.0322,0.08,0.236,0.644,0.0557,simulationGroup1
50,1,1.72,1.65,0.847,0.426,0.893,6.12,0.247,2.7,0.0322,0.08,0.236,0.644,0.0557,simulationGroup1
51,1,1.72,1.65,0.847,0.426,0.893,6.12,0.247,2.7,0.0322,0.08,0.236,0.644,0.0557,simulationGroup1
52,1,1.72,1.65,0.847,0.426,0.893,6.12,0.247,2.7,0.0322,0.08,0.236,0.644,0.0557,simulationGroup1
53,1,1.72,1.65,0.847,0.426,0.893,6.12,0.247,2.7,0.0322,0.08,0.236,0.644,0.0557,simulationGroup1
54,1,1.72,1.65,0.847,0.426,0.893,6.12,0.247,2.7,0.0322,0.08,0.236,0.644,0.0557,simulationGroup1
55,1,1.72,1.65,0.847,0.426,0.893,6.12,0.247,2.7,0.0322,0.08,0.236,0.644,0.0557,simulationGroup1
56,1,1.72,1.65,0.847,0.426,0.893,6.12,0.247,2.7,0.0322,0.08,0.236,0.644,0.0557,simulationGroup1
57,1,1.72,1.65,0.847,0.426,0.893,6.12,0.247,2.7,0.0322,0.08,0.236,0.644,0.0557,simulationGroup1
58,1,1.72,1.65,0.847,0.426,0.893,6.12,0.247,2.7,0.0322,0.08,0.236,0.644,0.0557,simulationGroup1
59,1,1.72,1.65,0.847,0.426,0.893,6.12,0.247,2.7,0.0322,0.08,0.236,0.644,0.0557,simulationGroup1
60,1,1.72,1.65,0.847,0.426,0.893,6.12,0.247,2.7,0.0322,0.08,0.236,0.644,0.0557,simulationGroup1
61,1,1.72,1.65,0.847,0.426,0.893,6.12,0.247,2.7,0.0322,0.08,0.236,0.644,0.0557,simulationGroup1
62,1,1.72,1.65,0.847,0.426,0.893,6.12,0.247,2.7,0.0322,0.08,0.236,0.644,0.0557,simulationGroup1
63,1,1.72,1.65,0.847,0.426,0.893,6.12,0.247,2.7,0.0322,0.08,0.236,0.644,0.0557,simulationGroup1
64,1,1.72,1.65,0.847,0.426,0.893,6.12,0.247,2.7,0.0322,0.08,0.236,0.644,0.0557,simulationGroup1
65,1,1.72,1.65,0.847,0.426,0.893,6.12,0.247,2.7,0.0322,0.08,0.236,0.644,0.0557,simulationGroup1
66,1,1.72,1.65,0.847,0.426,0.893,6.12,0.247,2.7,0.0322,0.08,0.236,0.644,0.0557,simulationGroup1
67,1,1.72,1.65,0.847,0.426,0.893,6.12,0.247,2.7,0.0322,0.08,0.236,0.644,0.0557,simulationGroup1
68,1,1.72,1.65,0.847,0.426,0.893,6.12,0.247,2.7,0.0322,0.08,0.236,0.644,0.0557,simulationGroup1
69,1,1.72,1.65,0.847,0.426,0.893,6.12,0.247,2.7,0.0322,0.08,0.236,0.644,0.0557,simulationGroup1
70,1,1.72,1.65,0.847,0.426,0.893,6.12,0.247,2.7,0.0322,0.08,0.236,0.644,0.0557,simulationGroup1
71,1,1.72,1.65,0.847,0.426,0.893,6.12,0.247,2.7,0.0322,0.08,0.236,0.644,0.0557,simulationGroup1
72,1,1.72,1.65,0.847,0.426,0.893,6.12,0.247,2.7,0.0322,0.08,0.236,0.644,0.0557,simulationGroup1
73,1,1.72,1.65,0.847,0.426,0.893,6.12,0.247,2.7,0.0322,0.08,0.236,0.644,0.0557,simulationGroup1
74,1,1.72,1.65,0.847,0.426,0.893,6.12,0.247,2.7,0.0322,0.08,0.236,0.644,0.0557,simulationGroup1
75,1,1.72,1.65,0.847,0.426,0.893,6.12,0.247,2.7,0.0322,0.08,0.236,0.644,0.0557,simulationGroup1
76,1,1.72,1.65,0.847,0.426,0.893,6.12,0.247,2.7,0.0322,0.08,0.236,0.644,0.0557,simulationGroup1
77,1,1.72,1.65,0.847,0.426,0.893,6.12,0.247,2.7,0.0322,0.08,0.236,0.644,0.0557,simulationGroup1
78,1,1.72,1.65,0.847,0.426,0.893,6.12,0.247,2.7,0.0322,0.08,0.236,0.644,0.0557,simulationGroup1
79,1,1.72,1.65,0.847,0.426,0.893,6.12,0.247,2.7,0.0322,0.08,0.236,0.644,0.0557,simulationGroup1
80,1,1.72,1.65,0.847,0.426,0.893,6.12,0.247,2.7,0.0322,0.08,0.236,0.644,0.0557,simulationGroup1
81,1,1.72,1.65,0.847,0.426,0.893,6.12,0.247,2.7,0.0322,0.08,0.236,0.644,0.0557,simulationGroup1
82,1,1.72,1.65,0.847,0.426,0.893,6.12,0.247,2.7,0.0322,0.08,0.236,0.644,0.0557,simulationGroup1
83,1,1.72,1.65,0.847,0.426,0.893,6.12,0.247,2.7,0.0322,0.08,0.236,0.644,0.0557,simulationGroup1
84,1,1.72,1.65,0.847,0.426,0.893,6.12,0.247,2.7,0.0322,0.08,0.236,0.644,0.0557,simulationGroup1
85,1,1.72,1.65,0.847,0.426,0.893,6.12,0.247,2.7,0.0322,0.08,0.236,0.644,0.0557,simulationGroup1
86,1,1.72,1.65,0.847,0.426,0.893,6.12,0.247,2.7,0.0322,0.08,0.236,0.644,0.0557,simulationGroup1
87,1,1.72,1.65,0.847,0.426,0.893,6.12,0.247,2.7,0.0322,0.08,0.236,0.644,0.0557,simulationGroup1
88,1,1.72,1.65,0.847,0.426,0.893,6.12,0.247,2.7,0.0322,0.08,0.236,0.644,0.0557,simulationGroup1
89,1,1.72,1.65,0.847,0.426,0.893,6.12,0.247,2.7,0.0322,0.08,0.236,0.644,0.0557,simulationGroup1
90,1,1.72,1.65,0.847,0.426,0.893,6.12,0.247,2.7,0.0322,0.08,0.236,0.644,0.0557,simulationGroup1
91,1,1.72,1.65,0.847,0.426,0.893,6.12,0.247,2.7,0.0322,0.08,0.236,0.644,0.0557,simulationGroup1
92,1,1.72,1.65,0.847,0.426,0.893,6.12,0.247,2.7,0.0322,0.08,0.236,0.644,0.0557,simulationGroup1
93,1,1.72,1.65,0.847,0.426,0.893,6.12,0.247,2.7,0.0322,0.08,0.236,0.644,0.0557,simulationGroup1
94,1,1.72,1.65,0.847,0.426,0.893,6.12,0.247,2.7,0.0322,0.08,0.236,0.644,0.0557,simulationGroup1
95,1,1.72,1.65,0.847,0.426,0.893,6.12,0.247,2.7,0.0322,0.08,0.236,0.644,0.0557,simulationGroup1
96,1,1.72,1.65,0.847,0.426,0.893,6.12,0.247,2.7,0.0322,0.08,0.236,0.644,0.0557,simulationGroup1
97,1,1.72,1.65,0.847,0.426,0.893,6.12,0.247,2.7,0.0322,0.08,0.236,0.644,0.0557,simulationGroup1
98,1,1.72,1.65,0.847,0.426,0.893,6.12,0.247,2.7,0.0322,0.08,0.236,0.644,0.0557,simulationGroup1
99,1,1.72,1.65,0.847,0.426,0.893,6.12,0.247,2.7,0.0322,0.08,0.236,0.644,0.0557,simulationGroup1
100,1,1.72,1.65,0.847,0.426,0.893,6.12,0.247,2.7,0.0322,0.08,0.236,0.644,0.0557,simulationGroup1
