rep,id,fM1,theta,group
1,1,5.45929411234573,17.7019260747524,simulationGroup1
1,2,8.46448027377329,8.43385081356145,simulationGroup1
1,3,3.66856017760431,21.3495513213348,simulationGroup1
1,4,16.5567633279581,9.37263502546983,simulationGroup1
1,5,3.07803170729698,23.153876631234,simulationGroup1
1,6,4.74497259948207,14.0584130855048,simulationGroup1
1,7,5.58028007957475,30.1605666932454,simulationGroup1
1,8,5.64533227917128,10.1323157139121,simulationGroup1
1,9,0.61774381550514,18.5275694008042,simulationGroup1
1,10,2.18970224411451,26.1270217586214,simulationGroup1
1,11,5.20669066177913,8.76650275113922,simulationGroup1
1,12,8.21377300582298,13.5946893677674,simulationGroup1
1,13,4.32067831242376,20.2210328677921,simulationGroup1
1,14,1.05148671255547,26.0191886204968,simulationGroup1
1,15,9.45038544608879,34.8811230182498,simulationGroup1
2,1,10.7709670674896,17.0914888101562,simulationGroup1
2,2,2.44378666294262,23.6123078028727,simulationGroup1
2,3,6.49326835677793,31.394626296384,simulationGroup1
2,4,8.4794484386044,22.9930098414146,simulationGroup1
2,5,7.71486678113088,27.8216942027192,simulationGroup1
2,6,10.9019588347299,20.6641937760183,simulationGroup1
2,7,6.44944190575672,12.5658406293453,simulationGroup1
2,8,2.81939284078707,8.63432235869342,simulationGroup1
2,9,17.0454024774835,16.6409376565009,simulationGroup1
2,10,3.5532543940666,23.769241153263,simulationGroup1
2,11,4.77052024360235,17.1134641280343,simulationGroup1
2,12,1.3837410316896,22.3714212659163,simulationGroup1
2,13,8.80662935908943,27.7221908032362,simulationGroup1
2,14,27.2395960991037,47.1740616389637,simulationGroup1
2,15,13.866097893054,10.569930363438,simulationGroup1
3,1,10.2498764708862,8.27601194777965,simulationGroup1
3,2,5.16893990731791,5.51375928783663,simulationGroup1
3,3,0.6326780455347994,12.6828703340425,simulationGroup1
3,4,9.42621656235297,32.5762116549227,simulationGroup1
3,5,4.66339658074806,17.7841675932225,simulationGroup1
3,6,2.51205457809538,24.3925924267948,simulationGroup1
3,7,2.28957524537194,19.1504374018544,simulationGroup1
3,8,2.95906908456311,26.8920512588225,simulationGroup1
3,9,3.98874524798622,16.4262481232365,simulationGroup1
3,10,2.83441230865344,21.1937452672158,simulationGroup1
3,11,2.0561263981853,9.509437093154,simulationGroup1
3,12,6.64065771830278,17.6364679597989,simulationGroup1
3,13,1.56644869557974,14.2687793651251,simulationGroup1
3,14,6.6847744837664,16.8005542886288,simulationGroup1
3,15,4.11657281195261,8.90436188894012,simulationGroup1
4,1,12.9464785309343,14.9160490663667,simulationGroup1
4,2,3.45426771906484,26.1950084803936,simulationGroup1
4,3,1.89984237576751,14.5906013850427,simulationGroup1
4,4,14.2740838783942,7.93137797504715,simulationGroup1
4,5,2.56546111244923,16.669837763871,simulationGroup1
4,6,4.00869085052445,12.5658281584869,simulationGroup1
4,7,6.62601728187072,5.38025957177029,simulationGroup1
4,8,18.4564310799469,12.3996410789317,simulationGroup1
4,9,3.28733956070181,21.7322136682803,simulationGroup1
4,10,6.37429443459078,28.8445645977897,simulationGroup1
4,11,12.1518782746326,48.6242898057146,simulationGroup1
4,12,1.75101085420542,20.0087974835809,simulationGroup1
4,13,2.39309650861747,10.0081582195064,simulationGroup1
4,14,1.79449328029287,19.1639418066924,simulationGroup1
4,15,5.57724932387191,39.0730902738935,simulationGroup1
5,1,4.80721999777339,26.8292387966376,simulationGroup1
5,2,8.41037644103164,25.8754700650292,simulationGroup1
5,3,2.52926815230156,16.2547158168784,simulationGroup1
5,4,7.15690957800414,33.5006051900457,simulationGroup1
5,5,4.44699618603683,14.80048233433,simulationGroup1
5,6,3.97681231428016,20.9545228294071,simulationGroup1
5,7,4.80484591979645,9.61624871248694,simulationGroup1
5,8,11.0843070338833,30.3876750576852,simulationGroup1
5,9,2.09013855098449,22.8829653753645,simulationGroup1
5,10,16.687074418582,24.6256348149761,simulationGroup1
5,11,6.91909726215788,38.7124054422154,simulationGroup1
5,12,5.30752387490598,8.3722660309304,simulationGroup1
5,13,1.29764197908193,44.0557821524843,simulationGroup1
5,14,9.17149190167772,13.8108474955916,simulationGroup1
5,15,4.14393824168514,41.6682606353228,simulationGroup1
6,1,3.62106526146458,12.8070556119254,simulationGroup1
6,2,2.3496630113417,14.3018885154999,simulationGroup1
6,3,3.99861318377632,9.78865549413449,simulationGroup1
6,4,3.04482486933389,16.5051336293915,simulationGroup1
6,5,2.09691048969309,30.9694181090202,simulationGroup1
6,6,2.06284130975172,50.0924420261611,simulationGroup1
6,7,3.66171472374732,11.9731761845858,simulationGroup1
6,8,2.39923914260486,41.0706093723409,simulationGroup1
6,9,2.90219532266287,29.7652534579557,simulationGroup1
6,10,2.79437538621334,15.5653808879239,simulationGroup1
6,11,4.36786059647459,17.8274275123167,simulationGroup1
6,12,6.84790628751699,33.2768702566607,simulationGroup1
6,13,7.95643712519288,18.8515101387875,simulationGroup1
6,14,5.95360064653278,31.9179626817066,simulationGroup1
6,15,19.461045097871,64.2702443723487,simulationGroup1
7,1,6.91696174941766,20.9561118199625,simulationGroup1
7,2,5.9738819780207,18.266123809868,simulationGroup1
7,3,5.16497695577478,15.0458024219481,simulationGroup1
7,4,3.05636894195414,14.399521039214,simulationGroup1
7,5,26.5983686501301,9.37062483151554,simulationGroup1
7,6,2.25060570584321,20.905251813925,simulationGroup1
7,7,1.94677030309003,33.3388290932073,simulationGroup1
7,8,2.97685800613885,23.6051660545893,simulationGroup1
7,9,23.2723648848308,36.9074205010472,simulationGroup1
7,10,8.46190083453565,18.7002154338758,simulationGroup1
7,11,6.49080187999874,29.7386318018177,simulationGroup1
7,12,4.72423086672976,19.9041130122907,simulationGroup1
7,13,1.93191875791511,18.3111892167231,simulationGroup1
7,14,34.514297586436,20.4339242499407,simulationGroup1
7,15,9.64176751436557,20.3532841628419,simulationGroup1
8,1,16.0421050366756,24.163026778604,simulationGroup1
8,2,1.6500510104514,12.0512929436369,simulationGroup1
8,3,17.5065283487357,12.5414855655431,simulationGroup1
8,4,2.14410497088228,20.1042350217161,simulationGroup1
8,5,4.87828615415568,12.1264338667775,simulationGroup1
8,6,1.71247870920912,5.61224161344461,simulationGroup1
8,7,6.01521661958283,16.3353508968595,simulationGroup1
8,8,3.64266404827235,8.01714178097131,simulationGroup1
8,9,1.30511698137195,32.4008275087145,simulationGroup1
8,10,5.40630426432182,25.0099491541183,simulationGroup1
8,11,4.50529684367977,22.7754518103534,simulationGroup1
8,12,5.6183240470796,34.1518513705446,simulationGroup1
8,13,6.09077051105456,25.8001551177485,simulationGroup1
8,14,7.60114731427127,25.1852168812448,simulationGroup1
8,15,3.48599710445047,9.71788116268885,simulationGroup1
9,1,4.16376560906438,28.0227575085673,simulationGroup1
9,2,9.75103547059463,10.9683420172816,simulationGroup1
9,3,2.62319831045455,17.3109572997026,simulationGroup1
9,4,4.72412486962381,20.9797287262492,simulationGroup1
9,5,3.7061705235101,20.8259447488793,simulationGroup1
9,6,2.80211762203228,15.2043593770628,simulationGroup1
9,7,5.90365721602118,19.189319943476,simulationGroup1
9,8,2.96534356832202,15.662866248612,simulationGroup1
9,9,1.35673064285531,23.6703645110153,simulationGroup1
9,10,6.77936348440465,16.7530754485152,simulationGroup1
9,11,3.55632033333246,9.98105052236942,simulationGroup1
9,12,8.12461385576704,22.7820908401447,simulationGroup1
9,13,1.07508157942762,8.97587250788979,simulationGroup1
9,14,18.624303889106,5.23994406201701,simulationGroup1
9,15,1.61494071504361,20.008046745754,simulationGroup1
10,1,18.078822911533,15.7248714862376,simulationGroup1
10,2,4.29970281701944,33.5408597353944,simulationGroup1
10,3,4.80323512238723,33.9769348055967,simulationGroup1
10,4,7.81232718006122,13.9498330422528,simulationGroup1
10,5,2.59971374756553,13.7346431623154,simulationGroup1
10,6,13.7386900955532,21.4934705370582,simulationGroup1
10,7,7.09107507999987,22.1698854894807,simulationGroup1
10,8,2.06274098115438,14.1765671231871,simulationGroup1
10,9,3.76094176929365,8.63124206732602,simulationGroup1
10,10,5.90605492678545,42.2168156372723,simulationGroup1
10,11,2.90086059932637,8.91995657399697,simulationGroup1
10,12,4.94635001647409,25.1679495616862,simulationGroup1
10,13,0.886622717731794,12.8465838190822,simulationGroup1
10,14,5.83741291957488,6.22907988789742,simulationGroup1
10,15,2.02500518630994,14.6595324300751,simulationGroup1
11,1,7.10000108505984,20.0081715240746,simulationGroup1
11,2,3.03026228447735,18.8370034140214,simulationGroup1
11,3,6.11819841646215,6.9581154858182,simulationGroup1
11,4,7.21155849137032,35.5419468836556,simulationGroup1
11,5,2.99849526520044,21.6530750313212,simulationGroup1
11,6,11.4300208843493,11.4124823254342,simulationGroup1
11,7,22.2949706004222,22.2229676467109,simulationGroup1
11,8,6.76837267553526,23.5057856274481,simulationGroup1
11,9,13.905686375793,16.2262659969962,simulationGroup1
11,10,5.33253981898319,7.76973302057838,simulationGroup1
11,11,6.96343986089503,15.11215138586,simulationGroup1
11,12,3.57196224566085,8.39537294154901,simulationGroup1
11,13,11.9484482568421,26.2284983236583,simulationGroup1
11,14,20.1412324057729,20.3159014122511,simulationGroup1
11,15,1.7990029958463,7.99987408134773,simulationGroup1
12,1,1.71613515983471,32.7852435187474,simulationGroup1
12,2,3.22590419001483,10.9242235364361,simulationGroup1
12,3,6.84452788535096,16.9351559908133,simulationGroup1
12,4,2.5830736472135,19.5687245163244,simulationGroup1
12,5,8.89215402658145,14.8022408405718,simulationGroup1
12,6,5.96835715788554,7.48208201046575,simulationGroup1
12,7,1.08875465772238,17.4471117907701,simulationGroup1
12,8,8.24380772772172,25.3304883986243,simulationGroup1
12,9,7.82107246754554,9.58653240846939,simulationGroup1
12,10,1.47813592745233,40.478022462629,simulationGroup1
12,11,7.34486869638946,25.0796780437341,simulationGroup1
12,12,3.23251558830024,21.6121838179437,simulationGroup1
12,13,4.35599793902736,6.68883094579594,simulationGroup1
12,14,1.76920712979552,15.6331342726147,simulationGroup1
12,15,7.82515821006746,15.1127947172171,simulationGroup1
13,1,4.24185740349544,20.1643390096815,simulationGroup1
13,2,3.91782754293532,12.2053399885666,simulationGroup1
13,3,4.69835532862658,23.4194203523349,simulationGroup1
13,4,1.72565558182583,21.9843187459197,simulationGroup1
13,5,1.72399417895636,5.33315984673143,simulationGroup1
13,6,4.46905024346243,33.3411805888053,simulationGroup1
13,7,0.5574992725088046,24.6716666067401,simulationGroup1
13,8,7.88125858868779,16.453223688255,simulationGroup1
13,9,6.17311641928747,21.4738529856325,simulationGroup1
13,10,9.188830605907,22.3195326334324,simulationGroup1
13,11,9.27335721137809,44.125938344657,simulationGroup1
13,12,1.6515903808824,43.9173552552822,simulationGroup1
13,13,3.78268734675949,27.0196703126035,simulationGroup1
13,14,7.34522599524825,7.03502312106755,simulationGroup1
13,15,11.1360741040935,15.7841516996063,simulationGroup1
14,1,5.73146969486679,43.6674498835725,simulationGroup1
14,2,11.4909853240335,23.0827141641641,simulationGroup1
14,3,10.8610152835351,16.8950699800055,simulationGroup1
14,4,40.6325663498801,8.43494990741098,simulationGroup1
14,5,1.85253067513435,14.5662292174081,simulationGroup1
14,6,1.0741438782609,23.9680529337853,simulationGroup1
14,7,8.27082161821339,32.0854461402351,simulationGroup1
14,8,4.84592418138209,14.5228379767209,simulationGroup1
14,9,3.96892424000668,34.598944611647,simulationGroup1
14,10,2.86510521102936,10.8248601199668,simulationGroup1
14,11,7.54126484587368,6.86821337444406,simulationGroup1
14,12,2.97590595683905,25.8713482893675,simulationGroup1
14,13,5.60360117889524,17.426017962485,simulationGroup1
14,14,5.75081182190117,15.0908428086959,simulationGroup1
14,15,2.88722975991025,10.843337578448,simulationGroup1
15,1,1.22436900713747,31.6012528348569,simulationGroup1
15,2,6.60185685330625,9.42235018988792,simulationGroup1
15,3,2.72787541433414,14.1854973051016,simulationGroup1
15,4,9.56791774742228,23.9749744746031,simulationGroup1
15,5,6.37909822209889,30.2610634067463,simulationGroup1
15,6,5.0099364695279,33.5399700908336,simulationGroup1
15,7,1.11809495351171,10.9488546542566,simulationGroup1
15,8,2.29398692453512,15.6376806658938,simulationGroup1
15,9,3.17903075223347,14.706318393512,simulationGroup1
15,10,6.97981212097672,17.7672019439476,simulationGroup1
15,11,7.71811796003791,22.4328640025133,simulationGroup1
15,12,11.2426562444462,14.2152904288137,simulationGroup1
15,13,5.93876027141247,17.292816144071,simulationGroup1
15,14,0.9847568889634525,18.7283747368195,simulationGroup1
15,15,5.60280616192396,36.56349769173,simulationGroup1
16,1,4.55142506254581,8.24154002398721,simulationGroup1
16,2,3.78466082407441,11.7347962625862,simulationGroup1
16,3,2.08106431924151,14.1475147633425,simulationGroup1
16,4,1.22104321425031,16.4360922343785,simulationGroup1
16,5,7.50566986438492,37.2135029970763,simulationGroup1
16,6,3.24619776807989,18.5085541002616,simulationGroup1
16,7,3.50173999468713,18.8894477210784,simulationGroup1
16,8,2.75265522016976,20.9809464208274,simulationGroup1
16,9,21.3126832996775,21.6227004817284,simulationGroup1
16,10,0.6623011500894948,10.1840877792348,simulationGroup1
16,11,0.8861926949765352,10.3360262603738,simulationGroup1
16,12,0.663332795889096,10.7380033979305,simulationGroup1
16,13,2.06559340161865,37.0665545636665,simulationGroup1
16,14,6.3254267251261,10.8462162554262,simulationGroup1
16,15,2.66793869605147,14.9084962909898,simulationGroup1
17,1,4.96457973777442,20.2098211908036,simulationGroup1
17,2,1.48159819479702,19.1127164374441,simulationGroup1
17,3,2.69883953368992,25.0495846506291,simulationGroup1
17,4,3.66005466202308,9.02838063881213,simulationGroup1
17,5,4.17665852477627,35.4786643852387,simulationGroup1
17,6,1.30933857452902,20.1343502380149,simulationGroup1
17,7,1.3065017047949,14.5564404561943,simulationGroup1
17,8,7.37565078269741,36.5068102943531,simulationGroup1
17,9,5.21031423555711,50.7222676976964,simulationGroup1
17,10,1.49660479251776,10.4892319110897,simulationGroup1
17,11,6.58053254855149,14.5396639937714,simulationGroup1
17,12,24.5830224629454,16.2094335921027,simulationGroup1
17,13,2.325646507287,25.2300565044517,simulationGroup1
17,14,2.37204974014496,18.0161309652707,simulationGroup1
17,15,5.32879495659579,10.6806466942138,simulationGroup1
18,1,5.68760882511508,8.43847706234888,simulationGroup1
18,2,9.31280030001751,26.6448238643984,simulationGroup1
18,3,1.71774370887377,13.7035395895964,simulationGroup1
18,4,3.06768910418542,21.4270534890175,simulationGroup1
18,5,2.87755931390437,27.9820140730913,simulationGroup1
18,6,12.093101873337,20.9653127789441,simulationGroup1
18,7,5.76312556085498,10.5690569368043,simulationGroup1
18,8,1.87765332784706,12.9933590859225,simulationGroup1
18,9,10.3759618595399,21.8515529338534,simulationGroup1
18,10,1.25024799691597,20.7512688431785,simulationGroup1
18,11,8.23601694563294,13.7578121878496,simulationGroup1
18,12,0.9674236944733218,21.5608606920768,simulationGroup1
18,13,4.16486541102027,26.9889210266804,simulationGroup1
18,14,5.21699651882094,14.1317274392867,simulationGroup1
18,15,1.01618709496351,18.1796732609325,simulationGroup1
19,1,5.74836896120656,32.7101510532338,simulationGroup1
19,2,10.561184185167,9.98140958683742,simulationGroup1
19,3,2.15798456975402,5.44510334614573,simulationGroup1
19,4,3.6090512169221,28.6534643831054,simulationGroup1
19,5,1.51009852028343,31.7424576561506,simulationGroup1
19,6,3.10182937377112,11.2905584823685,simulationGroup1
19,7,28.2390754050324,5.64412269439434,simulationGroup1
19,8,11.3663657800619,26.6091324112031,simulationGroup1
19,9,3.61133495527622,26.8191914442443,simulationGroup1
19,10,3.15805444921961,15.9823212206337,simulationGroup1
19,11,8.11621263335429,10.7676120719666,simulationGroup1
19,12,3.88218888517877,12.9961906929075,simulationGroup1
19,13,7.2073500050843,11.2156803491591,simulationGroup1
19,14,16.5479986748619,24.1325643912521,simulationGroup1
19,15,8.09568841451176,19.8111525306656,simulationGroup1
20,1,6.95952354370138,17.9119591973624,simulationGroup1
20,2,10.116181285307,19.9399998804006,simulationGroup1
20,3,46.7453165275532,5.78473381788031,simulationGroup1
20,4,15.6557729312223,17.669339784408,simulationGroup1
20,5,10.8711141066059,31.1586873034883,simulationGroup1
20,6,8.8428976593196,44.0757189076755,simulationGroup1
20,7,7.52034920354393,21.3104782061586,simulationGroup1
20,8,1.65078513456621,34.1872222430237,simulationGroup1
20,9,6.18326715273931,19.5643637185281,simulationGroup1
20,10,10.6251393953952,20.1668722011439,simulationGroup1
20,11,3.28285776951798,21.3123660494542,simulationGroup1
20,12,1.22280972479855,31.2397242195202,simulationGroup1
20,13,9.45001486415408,33.7785007552399,simulationGroup1
20,14,4.14734433185094,27.6102446677633,simulationGroup1
20,15,6.00899498915497,16.1931644674739,simulationGroup1
21,1,1.45754875617979,18.4387029477591,simulationGroup1
21,2,13.2276228241245,11.1214387256546,simulationGroup1
21,3,17.7825314726867,13.4998598428695,simulationGroup1
21,4,1.19600189910182,15.66380019024,simulationGroup1
21,5,4.2387988170756,37.8956473522851,simulationGroup1
21,6,12.8493936625664,14.4318957491772,simulationGroup1
21,7,9.53529140527353,24.6630921845692,simulationGroup1
21,8,2.84233721270625,11.0161229329181,simulationGroup1
21,9,1.14851957979768,23.300661599081,simulationGroup1
21,10,6.61726632214626,10.3339019646838,simulationGroup1
21,11,2.53714395548672,34.0072421683838,simulationGroup1
21,12,2.0163234303346,17.5044105324955,simulationGroup1
21,13,3.04018692383574,17.2185037103861,simulationGroup1
21,14,7.00132343147212,13.0064388351942,simulationGroup1
21,15,11.0185750116182,48.5375593222668,simulationGroup1
22,1,3.63999756192256,10.503452842434,simulationGroup1
22,2,17.2935823761249,7.16393566385049,simulationGroup1
22,3,11.0919948152151,27.7247601822925,simulationGroup1
22,4,5.04742272816376,16.8744261112943,simulationGroup1
22,5,2.44097853929319,24.4060826438025,simulationGroup1
22,6,3.22314668888379,45.5165823519424,simulationGroup1
22,7,3.02279136039352,64.4663440350103,simulationGroup1
22,8,3.23274859212671,26.5082857471029,simulationGroup1
22,9,6.50463104545817,27.0912511330364,simulationGroup1
22,10,5.62681352893391,45.4065819211192,simulationGroup1
22,11,9.32931134980243,19.619741834914,simulationGroup1
22,12,3.5393350124647,9.98875353410864,simulationGroup1
22,13,2.82881830809235,12.8897899312517,simulationGroup1
22,14,11.1609358055606,9.97076775832805,simulationGroup1
22,15,1.48873753475362,22.5963248118289,simulationGroup1
23,1,10.6812422194913,32.3546798105685,simulationGroup1
23,2,6.82346108958799,15.3260502403403,simulationGroup1
23,3,3.39593596610703,13.6956037464689,simulationGroup1
23,4,2.81557037727005,19.9974050430939,simulationGroup1
23,5,6.34778459981926,54.3450036825391,simulationGroup1
23,6,1.71201339882007,20.0196965466145,simulationGroup1
23,7,2.85299227012342,25.6723295861023,simulationGroup1
23,8,9.86666447435575,15.4829546611683,simulationGroup1
23,9,2.25360199106754,29.2896519528696,simulationGroup1
23,10,7.94154384811378,13.5988763104525,simulationGroup1
23,11,20.6331643288444,21.069861561547,simulationGroup1
23,12,1.09730351421645,28.4308465990137,simulationGroup1
23,13,3.38505165415979,39.3533465381502,simulationGroup1
23,14,0.5686442913536148,11.2148943908974,simulationGroup1
23,15,2.87562252028244,9.85404187125887,simulationGroup1
24,1,4.89523016224828,9.65807260075282,simulationGroup1
24,2,2.83529564446679,69.9847654955496,simulationGroup1
24,3,6.10159633777123,33.1234972317126,simulationGroup1
24,4,15.1046387618391,29.1625103114258,simulationGroup1
24,5,3.58664969574996,10.1090617364399,simulationGroup1
24,6,6.29502129267909,29.337170409074,simulationGroup1
24,7,6.26788747402567,14.872902867968,simulationGroup1
24,8,15.5919639750331,7.74517742456542,simulationGroup1
24,9,9.02692723502489,27.7857624394773,simulationGroup1
24,10,1.56697587610576,16.1576142546002,simulationGroup1
24,11,2.2916051324595,7.55035399621433,simulationGroup1
24,12,2.78153701058418,16.4189843853921,simulationGroup1
24,13,0.4253879225301881,8.24217385195417,simulationGroup1
24,14,13.1097120044401,24.7276551749371,simulationGroup1
24,15,16.914149769356,27.4412666282312,simulationGroup1
25,1,4.40568166441663,21.934288578806,simulationGroup1
25,2,4.47503659339554,18.0603210831143,simulationGroup1
25,3,11.6668623803572,8.14199098697596,simulationGroup1
25,4,5.68558304900911,25.5621909818174,simulationGroup1
25,5,2.72756869493228,8.38675834621735,simulationGroup1
25,6,24.6590828073077,19.9413761786605,simulationGroup1
25,7,8.18110036859566,8.86791564375834,simulationGroup1
25,8,3.39246845484114,8.01131474021451,simulationGroup1
25,9,21.1419449677748,14.3816000024368,simulationGroup1
25,10,2.25814447276995,28.8826798348786,simulationGroup1
25,11,4.30293436128059,33.6840454918724,simulationGroup1
25,12,1.67254409490896,26.2472143679813,simulationGroup1
25,13,4.07941287941884,26.9490025496658,simulationGroup1
25,14,2.76629287481044,8.8177722344383,simulationGroup1
25,15,3.25053735439904,17.5273041199833,simulationGroup1
26,1,5.59824026722366,7.53369854634636,simulationGroup1
26,2,1.50238487697221,19.3773068884864,simulationGroup1
26,3,1.43482928189788,19.1340739486869,simulationGroup1
26,4,5.28434326775975,22.5876088283184,simulationGroup1
26,5,2.88163538506851,29.6368137229638,simulationGroup1
26,6,14.0135092476525,8.80393411786386,simulationGroup1
26,7,13.560118430493,22.7661338243218,simulationGroup1
26,8,7.57781082305974,9.99785406328346,simulationGroup1
26,9,8.1936134296919,15.2446939912951,simulationGroup1
26,10,34.9671290639831,12.4747912753241,simulationGroup1
26,11,5.97713638896005,36.5807001314829,simulationGroup1
26,12,1.85882621987479,21.1269455425357,simulationGroup1
26,13,1.28171866041235,17.8225780919515,simulationGroup1
26,14,1.62588269417863,55.9502137386266,simulationGroup1
26,15,3.86695528328606,8.03670221519999,simulationGroup1
27,1,13.6353537402371,23.8555031927815,simulationGroup1
27,2,7.39666320283109,24.2060882980276,simulationGroup1
27,3,1.64599270231669,22.2520931441683,simulationGroup1
27,4,17.2040308920983,9.40806879073888,simulationGroup1
27,5,1.68717658021847,19.660423034305,simulationGroup1
27,6,10.2705790476247,20.0731565425688,simulationGroup1
27,7,3.74004980628105,26.9086506605939,simulationGroup1
27,8,2.14704125791454,11.0060700620121,simulationGroup1
27,9,5.60358876458511,12.2227545301381,simulationGroup1
27,10,3.39338551512745,14.4724733073366,simulationGroup1
27,11,5.07939293706874,13.6494716058178,simulationGroup1
27,12,7.21513427853064,29.4609578494663,simulationGroup1
27,13,2.79948944110913,25.8436476215738,simulationGroup1
27,14,4.22171325961329,16.2573899021086,simulationGroup1
27,15,3.44350146243803,25.2642950018862,simulationGroup1
28,1,6.8107426363265,33.0677380659585,simulationGroup1
28,2,4.91103406002388,28.6304894135686,simulationGroup1
28,3,3.01712122869119,14.8230908320478,simulationGroup1
28,4,3.44385242888155,24.8270209315205,simulationGroup1
28,5,11.9555134463671,23.2838020224319,simulationGroup1
28,6,18.2146434552592,8.64575932676619,simulationGroup1
28,7,4.90072504092299,27.7262509216041,simulationGroup1
28,8,3.13694595607501,25.678056343915,simulationGroup1
28,9,2.0553711205382,20.6478984170355,simulationGroup1
28,10,5.1397088643631,9.12425200602736,simulationGroup1
28,11,2.53950322361719,26.7767450485372,simulationGroup1
28,12,3.55059704400853,31.3263303022326,simulationGroup1
28,13,5.98887565953283,16.544232117418,simulationGroup1
28,14,11.3812525789414,28.3597633423315,simulationGroup1
28,15,14.4499941328891,13.5820316748191,simulationGroup1
29,1,2.04697958601031,27.1526319160916,simulationGroup1
29,2,2.22070208758553,25.2915173448461,simulationGroup1
29,3,6.12834062468987,23.5947995225205,simulationGroup1
29,4,3.22563627304786,11.231026475136,simulationGroup1
29,5,0.6323897328657505,8.6173452491608,simulationGroup1
29,6,6.2932739991095,18.0945465660094,simulationGroup1
29,7,8.42692855922827,16.5098346136842,simulationGroup1
29,8,11.8692579767927,7.29911917236798,simulationGroup1
29,9,2.71123584018741,22.2569992176369,simulationGroup1
29,10,1.26369033189111,49.3930885226394,simulationGroup1
29,11,3.72929919604396,22.1696280386547,simulationGroup1
29,12,5.96385929160987,27.2297341232345,simulationGroup1
29,13,1.80836772985921,12.2057346906213,simulationGroup1
29,14,15.0575027371265,8.58165639444678,simulationGroup1
29,15,6.22566447977814,25.2773366096676,simulationGroup1
30,1,3.87798728109381,27.2666084181769,simulationGroup1
30,2,1.21659772776417,24.0008123714152,simulationGroup1
30,3,4.96459399687721,21.3384279739077,simulationGroup1
30,4,3.73007158617623,17.0406617685569,simulationGroup1
30,5,9.72364215500732,16.1480243431615,simulationGroup1
30,6,3.10671456887399,43.6872676406408,simulationGroup1
30,7,4.10450822150419,9.11594228276557,simulationGroup1
30,8,2.4348792011479,22.9053076957388,simulationGroup1
30,9,13.802451999553,14.5528371227266,simulationGroup1
30,10,6.23579974870126,14.1997819539937,simulationGroup1
30,11,2.81102645400685,7.75887061331843,simulationGroup1
30,12,2.21340278204587,15.7523580846197,simulationGroup1
30,13,5.92887772249339,11.840630895159,simulationGroup1
30,14,4.65642015754669,18.4509571356574,simulationGroup1
30,15,2.51382870509223,17.513018299618,simulationGroup1
31,1,8.37615343538535,29.9138231990345,simulationGroup1
31,2,2.01249034245144,16.3046458410583,simulationGroup1
31,3,3.58427540023462,21.376747491101,simulationGroup1
31,4,2.70097580450268,55.3704276713324,simulationGroup1
31,5,11.0226076847002,18.6256386017919,simulationGroup1
31,6,2.12028562617921,12.0642893127078,simulationGroup1
31,7,3.4365166757608,15.2812590398023,simulationGroup1
31,8,2.4507772925746,19.2071196812698,simulationGroup1
31,9,8.72977258447052,25.5248605734188,simulationGroup1
31,10,8.46649374279868,13.1849066921516,simulationGroup1
31,11,2.77356914711728,21.8475324901787,simulationGroup1
31,12,1.58402908257068,14.0194332067173,simulationGroup1
31,13,2.54027977021202,27.9019345740203,simulationGroup1
31,14,5.20726903667939,21.2215571896802,simulationGroup1
31,15,1.51604703909538,6.09933103544038,simulationGroup1
32,1,3.18978128332591,15.4983769340272,simulationGroup1
32,2,0.5345198385363371,19.2547995626888,simulationGroup1
32,3,17.5539491351472,19.5866779852518,simulationGroup1
32,4,1.67132092096988,18.0513246015408,simulationGroup1
32,5,9.42548866017585,17.1788952501117,simulationGroup1
32,6,1.34431317355489,14.8332330271382,simulationGroup1
32,7,8.99066832549964,7.82474879060586,simulationGroup1
32,8,16.0081333470357,9.09763652391645,simulationGroup1
32,9,1.25574413123071,33.0870021320069,simulationGroup1
32,10,4.24926993959062,24.8235389900752,simulationGroup1
32,11,5.79547103444416,18.1633598679657,simulationGroup1
32,12,9.00218156362839,28.1722404892942,simulationGroup1
32,13,0.4909751120172208,15.6926955713798,simulationGroup1
32,14,11.0467392053154,11.7559627351205,simulationGroup1
32,15,26.602679838663,21.2952131859569,simulationGroup1
33,1,1.49434555359987,36.9985586517385,simulationGroup1
33,2,13.718673523369,9.71496515772412,simulationGroup1
33,3,14.6770112053968,16.3198753578767,simulationGroup1
33,4,1.07635133572649,20.2748535946663,simulationGroup1
33,5,4.31803065100024,31.9347016538372,simulationGroup1
33,6,12.00784432939,11.2062164004667,simulationGroup1
33,7,26.2897397971341,18.7660732574576,simulationGroup1
33,8,7.5628442893576,23.2419047229222,simulationGroup1
33,9,1.54369741754527,38.639668810913,simulationGroup1
33,10,8.52784396515007,16.3627188267044,simulationGroup1
33,11,3.95155096281381,12.326074220506,simulationGroup1
33,12,1.76120772805941,49.8142981227447,simulationGroup1
33,13,14.4287541898023,13.8676119362911,simulationGroup1
33,14,18.5104247893293,37.9434322960886,simulationGroup1
33,15,12.2400703429784,18.7512075586482,simulationGroup1
34,1,9.98132364253688,14.9275578549265,simulationGroup1
34,2,1.35372499145513,18.3622484425294,simulationGroup1
34,3,3.85529950244051,24.2994348104974,simulationGroup1
34,4,10.1926582879872,45.1760592249767,simulationGroup1
34,5,1.82846864983534,19.6227619485307,simulationGroup1
34,6,1.97551138802359,23.8017087387965,simulationGroup1
34,7,1.50602499645344,30.2068825746829,simulationGroup1
34,8,4.39844907199617,14.6855043608282,simulationGroup1
34,9,6.25901889178956,23.5550735375868,simulationGroup1
34,10,6.36546211308893,14.3651410583605,simulationGroup1
34,11,4.19335254086685,18.6266300359418,simulationGroup1
34,12,14.3329647594664,33.110824278181,simulationGroup1
34,13,25.8393394404605,28.888577413814,simulationGroup1
34,14,1.40377796452174,20.4798633382068,simulationGroup1
34,15,4.25640536843998,11.4531217853356,simulationGroup1
35,1,3.22563149720474,23.1016841644664,simulationGroup1
35,2,13.3028702943507,18.8801622577941,simulationGroup1
35,3,2.21723726823752,19.6704934725203,simulationGroup1
35,4,6.08901221271531,12.3895991999183,simulationGroup1
35,5,3.35345834481231,42.4383267203956,simulationGroup1
35,6,3.48133860371107,10.3073211607327,simulationGroup1
35,7,2.53132847424429,22.5999552042272,simulationGroup1
35,8,11.5849889128009,12.1208217347538,simulationGroup1
35,9,2.33664173835594,12.0704606597615,simulationGroup1
35,10,6.14670695452724,24.7011024653774,simulationGroup1
35,11,1.65012791227006,12.4061144802228,simulationGroup1
35,12,1.4556440160544,24.188493307234,simulationGroup1
35,13,6.83403924808973,14.5836827454695,simulationGroup1
35,14,0.4234367058270318,19.5851022982574,simulationGroup1
35,15,12.1950664979217,8.64983747713372,simulationGroup1
36,1,1.29106682218443,38.1779360119739,simulationGroup1
36,2,2.0854029449534,15.9480254540985,simulationGroup1
36,3,4.76294755279325,28.8279419494506,simulationGroup1
36,4,6.62226177611641,8.07423081852857,simulationGroup1
36,5,1.11464863517828,10.6610616787647,simulationGroup1
36,6,1.07221333368924,22.7671060162444,simulationGroup1
36,7,8.55096654251799,29.3529941203229,simulationGroup1
36,8,4.38036462573266,26.6825545274271,simulationGroup1
36,9,2.38725838324936,30.7938637015661,simulationGroup1
36,10,4.52527195671944,15.2365719613072,simulationGroup1
36,11,6.00330236633664,10.4999999946856,simulationGroup1
36,12,6.02740146257004,47.5058864899594,simulationGroup1
36,13,8.55253773593047,20.1319864902138,simulationGroup1
36,14,4.85422636347917,22.874451704226,simulationGroup1
36,15,5.05992794418507,19.3840509375232,simulationGroup1
37,1,2.50650588176957,19.3548244773719,simulationGroup1
37,2,3.18249578582751,52.8705811226758,simulationGroup1
37,3,2.38522031771261,8.94207268711911,simulationGroup1
37,4,8.79578541615249,27.3194038190767,simulationGroup1
37,5,5.91339261474552,32.5854182640735,simulationGroup1
37,6,5.43645975927814,12.7547693439813,simulationGroup1
37,7,2.9205176604861,15.9916628850336,simulationGroup1
37,8,7.49760344478424,23.8519423555524,simulationGroup1
37,9,3.3706449302041,24.0662243608198,simulationGroup1
37,10,3.43430026516554,17.5000812197378,simulationGroup1
37,11,6.16645890558249,29.4876093383089,simulationGroup1
37,12,1.4774713429222,10.1445555004165,simulationGroup1
37,13,1.44400578956475,30.4272754228497,simulationGroup1
37,14,6.72637170431926,15.1912523671728,simulationGroup1
37,15,6.29246572601486,41.2733038047191,simulationGroup1
38,1,3.71746471854978,7.07291811599318,simulationGroup1
38,2,6.84257485977272,14.1683770344247,simulationGroup1
38,3,2.88095746542807,10.7119322804388,simulationGroup1
38,4,16.0332410590413,16.5373384455692,simulationGroup1
38,5,4.32789673036072,19.1127538254553,simulationGroup1
38,6,6.5374809653499,11.2189387781347,simulationGroup1
38,7,3.37148315683732,6.257814227922,simulationGroup1
38,8,9.04580552874291,12.5626313240938,simulationGroup1
38,9,2.11929512514672,16.9908763853322,simulationGroup1
38,10,1.14216535913002,36.2909858930145,simulationGroup1
38,11,1.61148264203702,35.226976714638,simulationGroup1
38,12,11.6340470327661,15.7469441164136,simulationGroup1
38,13,3.12015518549647,12.5418614506285,simulationGroup1
38,14,2.95561873900868,16.531196741674,simulationGroup1
38,15,7.26133525589398,24.6023755163097,simulationGroup1
39,1,2.3073429127575,17.6744639021467,simulationGroup1
39,2,1.949880596598,12.462913842774,simulationGroup1
39,3,2.61249869476905,13.2192664931164,simulationGroup1
39,4,7.31345361147159,16.471367290811,simulationGroup1
39,5,2.24329394702589,21.7414172785877,simulationGroup1
39,6,7.3533910368487,11.3511095097613,simulationGroup1
39,7,1.00634619438604,11.8142229042623,simulationGroup1
39,8,10.1525012824941,10.4960906392028,simulationGroup1
39,9,5.92510556537136,19.6689051597355,simulationGroup1
39,10,16.2338736856817,6.82649296347161,simulationGroup1
39,11,5.90186936815334,12.3164185245009,simulationGroup1
39,12,1.54827437009037,13.8406921364992,simulationGroup1
39,13,10.7735409120367,16.1350159052029,simulationGroup1
39,14,6.9076061651779,10.2608362286767,simulationGroup1
39,15,6.25028873543305,33.4845189343711,simulationGroup1
40,1,2.0903425406103,35.3320442662634,simulationGroup1
40,2,3.06044210068318,18.7460565363127,simulationGroup1
40,3,1.19513863047908,20.6909334691604,simulationGroup1
40,4,12.3568475997948,29.7658039045002,simulationGroup1
40,5,12.4263170238541,26.5237684373862,simulationGroup1
40,6,1.69537287550302,10.2813616131011,simulationGroup1
40,7,9.67538553504594,11.6869850352298,simulationGroup1
40,8,3.10835561853221,23.7370663768186,simulationGroup1
40,9,5.51722354437963,17.9029571152966,simulationGroup1
40,10,4.37453112650579,10.0232391485246,simulationGroup1
40,11,9.3282813071139,25.3103621139425,simulationGroup1
40,12,13.4162364916901,7.80834789611082,simulationGroup1
40,13,3.87677034187095,14.725706249206,simulationGroup1
40,14,6.32469710847527,15.1505269823724,simulationGroup1
40,15,4.69558556995117,7.58314753459606,simulationGroup1
41,1,25.0586886048862,20.9287761659127,simulationGroup1
41,2,8.35342148536318,11.4921458484185,simulationGroup1
41,3,14.36847225638,21.2602600686457,simulationGroup1
41,4,15.1084590484113,21.2392467927617,simulationGroup1
41,5,11.1150325696811,20.9990444538872,simulationGroup1
41,6,1.88387183692238,6.77524195904273,simulationGroup1
41,7,3.21313658680528,11.6937299692997,simulationGroup1
41,8,4.69550640891598,21.3381087227049,simulationGroup1
41,9,11.5903186837246,10.848362225918,simulationGroup1
41,10,11.7814083143383,32.3505024010364,simulationGroup1
41,11,16.7605349458931,11.4182753096782,simulationGroup1
41,12,5.05722817624042,22.538419024159,simulationGroup1
41,13,12.9327693443121,12.4192335817664,simulationGroup1
41,14,13.4070603158813,10.7112459903583,simulationGroup1
41,15,5.69596094608952,5.74624437927897,simulationGroup1
42,1,9.17213963448868,29.7250358643791,simulationGroup1
42,2,2.09274368508007,22.048504345341,simulationGroup1
42,3,1.59433522505721,34.5190240707926,simulationGroup1
42,4,1.50124968709748,9.76833993267112,simulationGroup1
42,5,1.78014790049957,35.5467705809276,simulationGroup1
42,6,3.15673590979036,15.8751750468892,simulationGroup1
42,7,3.55287548551696,22.0551199426371,simulationGroup1
42,8,4.56685106260707,14.5034956125071,simulationGroup1
42,9,8.77533300986928,13.2491353940502,simulationGroup1
42,10,4.39840701190209,11.9957992047998,simulationGroup1
42,11,4.39585454808797,43.3654506580257,simulationGroup1
42,12,4.62171460025089,10.4885123986847,simulationGroup1
42,13,0.5033614015108646,26.7949716006029,simulationGroup1
42,14,4.1463661089501,14.6883273137786,simulationGroup1
42,15,3.43847028758372,61.2069366909113,simulationGroup1
43,1,2.14989971033222,6.61635835305068,simulationGroup1
43,2,3.92511440213932,18.2773820860408,simulationGroup1
43,3,17.1852515644354,15.6334408322498,simulationGroup1
43,4,14.7913753243575,18.4576918237533,simulationGroup1
43,5,5.11552281777008,24.950908631502,simulationGroup1
43,6,6.57523203235593,10.7689570984462,simulationGroup1
43,7,2.210335762282,29.448524971463,simulationGroup1
43,8,2.17124141330538,15.4125303836841,simulationGroup1
43,9,1.8304308741429,24.7578052870323,simulationGroup1
43,10,5.10174916634474,17.0602565474161,simulationGroup1
43,11,3.97266230619269,26.2516233045108,simulationGroup1
43,12,3.44278698527434,25.7345630324766,simulationGroup1
43,13,2.33933611962411,16.5005690198172,simulationGroup1
43,14,1.29950312450554,47.737209072064,simulationGroup1
43,15,5.5918536892595,19.6693001895761,simulationGroup1
44,1,7.41400687197445,18.8917203168604,simulationGroup1
44,2,2.95482775686688,14.7153615648797,simulationGroup1
44,3,1.76107158934235,20.472969141585,simulationGroup1
44,4,1.39412574909764,15.6549290967699,simulationGroup1
44,5,5.64719006333632,17.3996382414902,simulationGroup1
44,6,3.02734498276763,52.8890989796994,simulationGroup1
44,7,1.54571154796976,17.4810745077949,simulationGroup1
44,8,35.9146657787574,26.2479957320546,simulationGroup1
44,9,1.95886770564578,12.1883348667727,simulationGroup1
44,10,2.42577868314223,24.4042749843886,simulationGroup1
44,11,4.75271941810816,24.4117553433701,simulationGroup1
44,12,1.95545328519543,23.9763403187039,simulationGroup1
44,13,10.940336090859,23.3217276680856,simulationGroup1
44,14,2.81570257238257,22.4659396684812,simulationGroup1
44,15,4.67406903978379,25.5417468494739,simulationGroup1
45,1,7.57553571687466,11.6575137769915,simulationGroup1
45,2,5.97122907067858,11.9826400601453,simulationGroup1
45,3,0.686728068545479,20.051006186353,simulationGroup1
45,4,3.4436071344639,10.1387879316495,simulationGroup1
45,5,4.30759190666968,32.4386363034139,simulationGroup1
45,6,3.71587692534938,29.698109829703,simulationGroup1
45,7,10.2793219601877,22.0507707940193,simulationGroup1
45,8,2.68970993996993,5.55647957515877,simulationGroup1
45,9,12.5886536218735,29.3476654495456,simulationGroup1
45,10,3.18406419416202,19.1872382720698,simulationGroup1
45,11,10.0373705395041,40.6307094889063,simulationGroup1
45,12,0.9403548406314557,18.4647542014321,simulationGroup1
45,13,8.55167280745335,35.5717107872507,simulationGroup1
45,14,4.86910358668529,40.9969793630836,simulationGroup1
45,15,2.11159229031946,12.2004033834313,simulationGroup1
46,1,2.03173676126059,16.2039202478416,simulationGroup1
46,2,9.30301607669223,36.5209836470704,simulationGroup1
46,3,4.10165853588435,18.0907515328737,simulationGroup1
46,4,11.4469285131246,35.6120482464036,simulationGroup1
46,5,5.6209111078387,25.8987928165716,simulationGroup1
46,6,5.03358962462196,24.5234689207683,simulationGroup1
46,7,83.323616525368,18.9661451032118,simulationGroup1
46,8,11.172110550816,24.9769313035075,simulationGroup1
46,9,8.59596626886272,9.77935002872067,simulationGroup1
46,10,28.7119470512287,25.8284850239453,simulationGroup1
46,11,2.96077346242594,19.8449349373533,simulationGroup1
46,12,7.16539256885731,45.7448705473169,simulationGroup1
46,13,3.16388050004851,28.7255631378108,simulationGroup1
46,14,11.5496383850363,26.5454324458203,simulationGroup1
46,15,4.8178218510205,12.2154468328882,simulationGroup1
47,1,3.18784805482488,14.9557021460647,simulationGroup1
47,2,13.7333869561177,7.96525282506163,simulationGroup1
47,3,6.61643831613251,6.60145372866751,simulationGroup1
47,4,3.8295354948606,32.1076789748581,simulationGroup1
47,5,4.04785574793132,21.6179713635644,simulationGroup1
47,6,8.54139659313091,26.8435389532988,simulationGroup1
47,7,8.14596125740918,20.0669199079222,simulationGroup1
47,8,14.9213029497538,8.38162024353493,simulationGroup1
47,9,7.97910065949809,11.1475993560234,simulationGroup1
47,10,7.90685534175128,19.410812083243,simulationGroup1
47,11,1.54383042635506,11.2920198681717,simulationGroup1
47,12,2.96748825732974,20.5347422414053,simulationGroup1
47,13,4.97146758954597,25.1422554916552,simulationGroup1
47,14,0.9255547984522883,26.3209819890384,simulationGroup1
47,15,2.1261287056168,59.0638737509853,simulationGroup1
48,1,3.65938487471361,38.5279756909133,simulationGroup1
48,2,1.59352865939474,22.0675845933307,simulationGroup1
48,3,7.83275717605147,34.0947754466587,simulationGroup1
48,4,2.23056072931725,26.7658297411316,simulationGroup1
48,5,8.09569564259283,13.9458550486394,simulationGroup1
48,6,2.8952456186041,28.1894526894735,simulationGroup1
48,7,6.79301726902031,17.1378746663778,simulationGroup1
48,8,1.04583567100474,16.5218382049317,simulationGroup1
48,9,16.5202262560593,30.5897512819846,simulationGroup1
48,10,6.79427522062419,32.3280417416296,simulationGroup1
48,11,4.20723992072439,17.8860809772871,simulationGroup1
48,12,8.16752981334717,20.2272810768996,simulationGroup1
48,13,1.44685715563585,12.6696373522804,simulationGroup1
48,14,1.26621156135343,26.9806691250597,simulationGroup1
48,15,11.7759353435897,12.3859968252883,simulationGroup1
49,1,3.74294233797112,36.5160591852515,simulationGroup1
49,2,5.48449505775767,14.680017920259,simulationGroup1
49,3,2.86889994469968,15.4914096332589,simulationGroup1
49,4,2.72544417925923,15.5821717876475,simulationGroup1
49,5,0.3986846818541743,27.1966202513228,simulationGroup1
49,6,8.32290057177996,12.7031375192099,simulationGroup1
49,7,2.64534123135421,9.35293563805113,simulationGroup1
49,8,2.08021254272213,18.0557502156843,simulationGroup1
49,9,1.77116614824229,20.3913693933757,simulationGroup1
49,10,2.17975597792982,12.6931549390566,simulationGroup1
49,11,1.06225577547587,18.0427251821355,simulationGroup1
49,12,5.06818324751225,22.1187009120595,simulationGroup1
49,13,5.20627332801356,25.2493082854021,simulationGroup1
49,14,4.7424196123142,33.693361254388,simulationGroup1
49,15,1.14176199178909,8.90152209774767,simulationGroup1
50,1,6.0064652301691,37.2055166317537,simulationGroup1
50,2,2.99421036365555,18.2759079990038,simulationGroup1
50,3,4.75192709012398,14.770071938059,simulationGroup1
50,4,13.6562323238803,22.1535391283417,simulationGroup1
50,5,6.99725409610174,26.554922927452,simulationGroup1
50,6,6.15372768610034,18.2272815149431,simulationGroup1
50,7,6.16124702518427,8.54130238308161,simulationGroup1
50,8,7.43195240883202,32.2363569456008,simulationGroup1
50,9,2.32103324017566,26.6212807359079,simulationGroup1
50,10,3.45966926008836,40.2035393229268,simulationGroup1
50,11,0.8126570795698332,10.0814613609398,simulationGroup1
50,12,2.89192798544186,13.994811078068,simulationGroup1
50,13,2.11718166968832,16.4223216253049,simulationGroup1
50,14,5.25036482147325,22.6461565085705,simulationGroup1
50,15,14.9722327775814,13.2772841269207,simulationGroup1
51,1,14.8910897181542,15.6712363178764,simulationGroup1
51,2,3.88013927652819,19.7446006949327,simulationGroup1
51,3,2.12516125280918,34.4833807981927,simulationGroup1
51,4,7.69353862909817,28.2069146092178,simulationGroup1
51,5,4.39040939265179,9.24553889998654,simulationGroup1
51,6,8.14051947296338,7.64763122546885,simulationGroup1
51,7,14.063208873209,15.5954827289366,simulationGroup1
51,8,1.85460728403135,12.1615520680284,simulationGroup1
51,9,3.1297372710709,25.2692801716251,simulationGroup1
51,10,3.60582953597822,20.7838289142276,simulationGroup1
51,11,2.2886401011699,12.7452844581518,simulationGroup1
51,12,3.27246695534929,32.2379545109941,simulationGroup1
51,13,4.57236472069153,19.5821496463673,simulationGroup1
51,14,5.77449466238046,14.9867053766012,simulationGroup1
51,15,3.68798179428974,41.6387062267593,simulationGroup1
52,1,2.05229344859355,19.8935066115504,simulationGroup1
52,2,2.24722341391739,33.0457288194317,simulationGroup1
52,3,3.35495388804298,15.7950951199266,simulationGroup1
52,4,6.6979294418823,8.74866023574382,simulationGroup1
52,5,5.45500176491272,34.1398704654429,simulationGroup1
52,6,2.07783187277089,16.0599988851325,simulationGroup1
52,7,3.49372323923589,42.8138789050466,simulationGroup1
52,8,7.14817254281291,7.61950092701646,simulationGroup1
52,9,4.58002664123684,34.1417993630349,simulationGroup1
52,10,12.4468586689653,16.2604293327562,simulationGroup1
52,11,10.8263863219272,23.0777174347688,simulationGroup1
52,12,7.30697999660158,12.5821805236403,simulationGroup1
52,13,13.3504425131314,13.3065533874083,simulationGroup1
52,14,4.44141735137906,8.61666031774008,simulationGroup1
52,15,6.01030270089855,40.7301448388807,simulationGroup1
53,1,6.64867671256638,12.4806252579358,simulationGroup1
53,2,1.7907731985027,23.7515060989568,simulationGroup1
53,3,0.4621557523270469,37.6308454534448,simulationGroup1
53,4,4.27339450824742,20.967058339479,simulationGroup1
53,5,1.73458262087037,20.6408485373137,simulationGroup1
53,6,2.53252453164472,16.6487324084468,simulationGroup1
53,7,14.6558535864075,19.0856657784831,simulationGroup1
53,8,1.93049568360084,15.0686353157594,simulationGroup1
53,9,12.2972190688861,11.4357985472809,simulationGroup1
53,10,1.41547803326154,10.3180359631039,simulationGroup1
53,11,2.43680555860791,14.3574802652138,simulationGroup1
53,12,4.26222385126796,33.0875540813827,simulationGroup1
53,13,2.09408445538584,19.8306334747052,simulationGroup1
53,14,2.8108983376344,13.7718526010255,simulationGroup1
53,15,3.59541146716809,15.0827426425492,simulationGroup1
54,1,5.79689349253069,27.1771614600983,simulationGroup1
54,2,15.5533166644236,23.8474217817377,simulationGroup1
54,3,3.19918993477199,45.2388195866936,simulationGroup1
54,4,3.9197293747702,17.5867598691537,simulationGroup1
54,5,9.88706097436628,9.70215678454915,simulationGroup1
54,6,1.29594581619911,14.0675641286835,simulationGroup1
54,7,7.37946262369117,21.3200927138807,simulationGroup1
54,8,3.31931631745279,21.7738036247749,simulationGroup1
54,9,3.73274904078133,24.7083404679869,simulationGroup1
54,10,1.57062292037896,9.34865453223963,simulationGroup1
54,11,2.23221781408298,22.3017520566468,simulationGroup1
54,12,1.08868438707272,12.7670472380147,simulationGroup1
54,13,8.27480213344428,19.5187430536396,simulationGroup1
54,14,1.38960233156288,68.9059972685503,simulationGroup1
54,15,6.61356536460056,14.0401057805526,simulationGroup1
55,1,1.03899983227789,9.8879087487616,simulationGroup1
55,2,25.1528295975146,37.5998520089326,simulationGroup1
55,3,10.6829625693212,9.79875247234689,simulationGroup1
55,4,2.15336324717534,13.6573416503343,simulationGroup1
55,5,9.53347526936951,22.5489379026039,simulationGroup1
55,6,26.9296312861639,28.015263601978,simulationGroup1
55,7,2.99267827968692,14.6582656628156,simulationGroup1
55,8,3.56873788185506,16.3939691989194,simulationGroup1
55,9,25.6664489225445,11.6765867438105,simulationGroup1
55,10,3.06161200559682,6.01360335047827,simulationGroup1
55,11,1.59368110129165,27.5831518319976,simulationGroup1
55,12,2.54901586957469,19.0910113435855,simulationGroup1
55,13,3.2144174091903,27.6264831489594,simulationGroup1
55,14,3.23422521011581,10.9064887343719,simulationGroup1
55,15,6.71474801479279,23.0255247686803,simulationGroup1
56,1,3.18439468799136,22.1474423347362,simulationGroup1
56,2,15.1134000442705,20.4651665566459,simulationGroup1
56,3,2.73837651334158,19.2466391350207,simulationGroup1
56,4,6.33827090907773,10.4742084331969,simulationGroup1
56,5,17.1732584895909,25.3385596239618,simulationGroup1
56,6,4.66518300716036,23.5850968003108,simulationGroup1
56,7,5.63435049479565,18.5627986662106,simulationGroup1
56,8,13.4177591383165,14.1812527188189,simulationGroup1
56,9,5.16943376646093,22.9072987103322,simulationGroup1
56,10,8.60169597816059,5.32334500582204,simulationGroup1
56,11,2.44717839010074,5.79473388435429,simulationGroup1
56,12,10.2538395483923,18.3735810707781,simulationGroup1
56,13,0.9418277015687792,28.0861990220716,simulationGroup1
56,14,3.44362588484284,18.2996945612145,simulationGroup1
56,15,15.3458324034409,25.6659659044897,simulationGroup1
57,1,3.1386388277151,46.9125883684118,simulationGroup1
57,2,4.50148300028326,17.5336968713698,simulationGroup1
57,3,2.89396341418358,13.3702505336652,simulationGroup1
57,4,3.02533828004872,4.40976825668957,simulationGroup1
57,5,4.51824203295208,22.2540941132051,simulationGroup1
57,6,5.70688716093386,33.2005888588185,simulationGroup1
57,7,3.14043261083282,30.1746004154414,simulationGroup1
57,8,3.20485603129038,45.4891654428982,simulationGroup1
57,9,1.72900856611698,20.1054063795217,simulationGroup1
57,10,2.49144519065646,16.8407988123334,simulationGroup1
57,11,5.62309722739489,20.2217919375579,simulationGroup1
57,12,6.20679061786932,27.9255991741527,simulationGroup1
57,13,4.99109232429025,20.3515651808012,simulationGroup1
57,14,12.3387368432171,14.5450454764391,simulationGroup1
57,15,4.49550919146159,9.82098638411916,simulationGroup1
58,1,3.58587235114747,28.7411044625468,simulationGroup1
58,2,4.12868183678945,33.0594117772404,simulationGroup1
58,3,8.99190119577062,16.3706684791327,simulationGroup1
58,4,4.38276899960335,24.9844655781817,simulationGroup1
58,5,1.1333089575309,25.0991821457866,simulationGroup1
58,6,2.36271845207078,30.4359769057661,simulationGroup1
58,7,6.07214484148732,36.3763825270825,simulationGroup1
58,8,1.53115063631241,27.0416350841505,simulationGroup1
58,9,5.84301906609901,29.2768150079035,simulationGroup1
58,10,2.95668863770931,9.08152865807636,simulationGroup1
58,11,6.96942894155328,44.3939898344234,simulationGroup1
58,12,1.86371975415933,10.0749881973056,simulationGroup1
58,13,2.2752958485723,60.7425486838806,simulationGroup1
58,14,5.42122201553099,20.3320292907559,simulationGroup1
58,15,3.16230992479402,37.2277415057232,simulationGroup1
59,1,1.2567236522732,24.4973411001682,simulationGroup1
59,2,3.45936926403413,24.9206099262673,simulationGroup1
59,3,0.8193614094323682,13.9200663749222,simulationGroup1
59,4,8.80942233877215,20.5382712704908,simulationGroup1
59,5,1.602269968315,13.8251783665996,simulationGroup1
59,6,7.94009292919879,28.3055829359741,simulationGroup1
59,7,1.03109563641732,12.4503709934963,simulationGroup1
59,8,25.8394701943262,11.1038439717284,simulationGroup1
59,9,8.41681584288412,16.434116948373,simulationGroup1
59,10,1.90639423465002,11.8564202385502,simulationGroup1
59,11,6.40991391920963,11.506357242009,simulationGroup1
59,12,16.4941627946763,20.9917468647538,simulationGroup1
59,13,9.16309926073799,41.6509852574363,simulationGroup1
59,14,17.114962683889,32.6050542035343,simulationGroup1
59,15,7.22784016367833,7.0356189476798,simulationGroup1
60,1,6.48681992064292,16.1284970952214,simulationGroup1
60,2,4.49101577062474,31.445911269196,simulationGroup1
60,3,2.06981930222675,14.7236812312504,simulationGroup1
60,4,3.8788819613948,22.4349390030802,simulationGroup1
60,5,3.87088829838811,17.3446050083608,simulationGroup1
60,6,4.19482591453624,17.2262960387084,simulationGroup1
60,7,1.13312115733788,25.3833643915766,simulationGroup1
60,8,0.9797805197691989,20.1154528888397,simulationGroup1
60,9,3.36648788001213,17.2559516163071,simulationGroup1
60,10,1.88296671040249,17.5199353814976,simulationGroup1
60,11,5.06308124042324,11.661384353688,simulationGroup1
60,12,25.5222966755623,13.0390885314633,simulationGroup1
60,13,13.3790292951937,28.1009295306471,simulationGroup1
60,14,5.06328352361567,21.136793663922,simulationGroup1
60,15,6.24742991350587,16.7303366746098,simulationGroup1
61,1,4.48338312995775,17.1384463948724,simulationGroup1
61,2,6.98795935603538,37.3200478538342,simulationGroup1
61,3,7.30403512054951,23.0590041601615,simulationGroup1
61,4,4.05513344522106,13.9828657095586,simulationGroup1
61,5,2.74952127286453,13.0519789395923,simulationGroup1
61,6,1.42050869901767,27.3757543327198,simulationGroup1
61,7,2.14384673092301,12.3082774250598,simulationGroup1
61,8,2.20283928759887,24.4929026860232,simulationGroup1
61,9,10.1058535934783,13.0017570417094,simulationGroup1
61,10,4.24870604917987,12.3401857333966,simulationGroup1
61,11,13.2215417011121,25.4720350760033,simulationGroup1
61,12,4.0884959900015,29.7295574624803,simulationGroup1
61,13,9.57257732746828,14.562301616479,simulationGroup1
61,14,3.59294787093781,22.0374213937776,simulationGroup1
61,15,8.78113005504259,11.3085032153756,simulationGroup1
62,1,2.7059299858941,15.6531135653587,simulationGroup1
62,2,5.78390429885448,12.555777717907,simulationGroup1
62,3,5.55526745873065,23.4270852503571,simulationGroup1
62,4,2.25022715912907,4.96348794140845,simulationGroup1
62,5,2.96447833089162,22.4864158385264,simulationGroup1
62,6,8.90396296092435,45.9899120506456,simulationGroup1
62,7,2.42715683136958,7.28706379300778,simulationGroup1
62,8,5.5653441606594,14.6578297996036,simulationGroup1
62,9,9.29073586547941,26.1568961790194,simulationGroup1
62,10,7.65017030315765,11.6616467032356,simulationGroup1
62,11,13.5983087362132,15.5078716535981,simulationGroup1
62,12,1.03073904403172,29.0305101800984,simulationGroup1
62,13,11.2601978519358,20.9090134011677,simulationGroup1
62,14,2.84783440439147,12.8406568415986,simulationGroup1
62,15,6.8112010452295,10.3618818585629,simulationGroup1
63,1,3.43907933920613,20.0512674147981,simulationGroup1
63,2,1.17296224295979,6.83937647610397,simulationGroup1
63,3,2.9766764305073,7.48035558620469,simulationGroup1
63,4,5.58354777346108,18.8396764884486,simulationGroup1
63,5,3.45575217309479,29.5023181618604,simulationGroup1
63,6,3.47781996093577,10.6169111105419,simulationGroup1
63,7,8.13496914068288,14.1925765249949,simulationGroup1
63,8,0.8944997159379712,21.9315396128895,simulationGroup1
63,9,9.41592146063747,35.606522383334,simulationGroup1
63,10,0.395508185616421,13.231226948477,simulationGroup1
63,11,3.40844057033748,28.1610278951875,simulationGroup1
63,12,6.40707466516743,18.2120511081444,simulationGroup1
63,13,2.64161719068441,13.2986085909996,simulationGroup1
63,14,3.37613262928511,24.9589389793872,simulationGroup1
63,15,5.14886879306319,15.0515036933148,simulationGroup1
64,1,1.69536573947226,7.7630383993111,simulationGroup1
64,2,6.82412991230691,28.1137636504713,simulationGroup1
64,3,8.42888149139751,30.8631360612534,simulationGroup1
64,4,5.66568138820712,12.0418697168784,simulationGroup1
64,5,17.347337178682,12.5792645134742,simulationGroup1
64,6,0.4950092004636268,22.6829720066806,simulationGroup1
64,7,3.17379492790168,13.4155386970867,simulationGroup1
64,8,5.45859506761785,33.1338114813266,simulationGroup1
64,9,2.2179617243838,8.2676413162975,simulationGroup1
64,10,1.79536817320043,22.6264252387815,simulationGroup1
64,11,7.80684267569253,8.863128361551,simulationGroup1
64,12,5.99714532714903,22.0195613831584,simulationGroup1
64,13,4.79531206005832,27.5656715513599,simulationGroup1
64,14,8.30286736408373,34.7588976502023,simulationGroup1
64,15,4.23234762574928,26.3967518131731,simulationGroup1
65,1,5.8730102169621,21.4410092417402,simulationGroup1
65,2,4.22929363255632,48.5711401495217,simulationGroup1
65,3,5.33370655343323,20.1802843588192,simulationGroup1
65,4,9.24370584937465,9.59769243928035,simulationGroup1
65,5,3.11839759958432,22.0917486930715,simulationGroup1
65,6,4.46311674787208,22.6683828399977,simulationGroup1
65,7,3.27932781582552,15.5892884110163,simulationGroup1
65,8,2.29976602721631,24.6233232940866,simulationGroup1
65,9,8.91761358604721,26.114968809756,simulationGroup1
65,10,0.7410333373031133,17.2260914893499,simulationGroup1
65,11,0.7313130407939685,16.9202086429974,simulationGroup1
65,12,5.50334794725315,21.2190987954352,simulationGroup1
65,13,6.49844656636327,31.639128575234,simulationGroup1
65,14,5.33515622985202,25.1344675005889,simulationGroup1
65,15,5.63689734549306,11.3388570010226,simulationGroup1
66,1,13.9691030532263,28.5863335718129,simulationGroup1
66,2,1.7311341152187,20.3421095552564,simulationGroup1
66,3,11.5176217045952,10.6270853315024,simulationGroup1
66,4,3.66159733083482,17.0304389739385,simulationGroup1
66,5,8.03456560533485,18.4656630776104,simulationGroup1
66,6,0.9292992704949261,15.9653700363615,simulationGroup1
66,7,2.79250420946738,11.8905766824603,simulationGroup1
66,8,12.846811430551,24.8760479402434,simulationGroup1
66,9,2.65339329072708,23.2888893582917,simulationGroup1
66,10,6.89028303135693,17.7134270653888,simulationGroup1
66,11,2.73740941049961,20.7097746943192,simulationGroup1
66,12,1.88750667159149,23.9088476375936,simulationGroup1
66,13,5.8191344730974,67.4936961635833,simulationGroup1
66,14,54.7375290207722,19.357895620605,simulationGroup1
66,15,3.88541309931975,8.68550775760642,simulationGroup1
67,1,12.83093428644,22.3827103654736,simulationGroup1
67,2,2.51719803967283,17.926482271912,simulationGroup1
67,3,2.00329518748825,45.7309295679395,simulationGroup1
67,4,3.44244128278523,9.57190081850919,simulationGroup1
67,5,10.8288154964683,29.7918653231428,simulationGroup1
67,6,1.1816054279252,23.3095792327142,simulationGroup1
67,7,3.08186507600508,6.39719059278752,simulationGroup1
67,8,12.6406008690427,27.0878929829507,simulationGroup1
67,9,0.6344248061321303,9.12101882214144,simulationGroup1
67,10,8.34750361986381,8.8485247927634,simulationGroup1
67,11,11.2556947392767,20.1576799253626,simulationGroup1
67,12,4.17976758571365,21.798705315526,simulationGroup1
67,13,2.30769674546864,13.474103301129,simulationGroup1
67,14,6.31840969596903,17.9041737941313,simulationGroup1
67,15,13.960009780187,10.3876264515649,simulationGroup1
68,1,1.06218424298009,21.9031270725372,simulationGroup1
68,2,2.15436944305974,7.57066145942707,simulationGroup1
68,3,4.43362551899166,20.578550990961,simulationGroup1
68,4,19.3235059368683,49.4187919844373,simulationGroup1
68,5,6.19628422854067,45.7470502877873,simulationGroup1
68,6,4.55279845999698,23.0812531101445,simulationGroup1
68,7,3.51123122861636,20.0759811373283,simulationGroup1
68,8,2.88442231668976,23.1533999161642,simulationGroup1
68,9,3.78988820186635,20.816966146634,simulationGroup1
68,10,3.53003959049323,57.6940628095646,simulationGroup1
68,11,3.83501451661638,42.8248193196706,simulationGroup1
68,12,3.12827160240453,8.10608519960161,simulationGroup1
68,13,3.16976654696171,15.1440908421602,simulationGroup1
68,14,1.41236654129985,23.48998513134,simulationGroup1
68,15,3.19432050349038,12.2193682067594,simulationGroup1
69,1,1.22952954529378,36.4313221534129,simulationGroup1
69,2,19.327196565205,12.6899445640715,simulationGroup1
69,3,9.18341307038777,28.8597231447583,simulationGroup1
69,4,5.99512256787866,34.0875563378701,simulationGroup1
69,5,5.56857583490142,29.2754537519101,simulationGroup1
69,6,10.5465430753271,21.3019179186219,simulationGroup1
69,7,8.50576273836417,18.4337482962846,simulationGroup1
69,8,3.38743981383884,22.2356766874648,simulationGroup1
69,9,5.52443193104984,35.2421069044424,simulationGroup1
69,10,4.65888049645251,9.42677475717585,simulationGroup1
69,11,9.5323309077306,17.4045115432153,simulationGroup1
69,12,4.30477046957057,14.5120346389709,simulationGroup1
69,13,2.70187460437956,41.6353143020736,simulationGroup1
69,14,4.16445775779781,29.8877221142548,simulationGroup1
69,15,5.81414215196298,17.1934877245549,simulationGroup1
70,1,2.36437127277358,29.263126640524,simulationGroup1
70,2,46.3189782456839,16.2725027197569,simulationGroup1
70,3,6.87797875029938,8.84544746994605,simulationGroup1
70,4,6.14797860954743,13.7682939294386,simulationGroup1
70,5,8.80683413935498,46.3996625733218,simulationGroup1
70,6,1.52975397118041,6.86150139879365,simulationGroup1
70,7,1.0702004029077,26.914655229336,simulationGroup1
70,8,1.48254149659821,18.4232474272723,simulationGroup1
70,9,4.06421796052689,14.6699168563221,simulationGroup1
70,10,1.23222359280559,21.1670271048998,simulationGroup1
70,11,5.08276824200909,17.8486329668907,simulationGroup1
70,12,7.12111189238039,27.5173857257928,simulationGroup1
70,13,2.39739290501685,29.1199256688511,simulationGroup1
70,14,2.01106640722986,17.5130211748423,simulationGroup1
70,15,11.9069478053118,21.0120469383574,simulationGroup1
71,1,2.15772985001852,12.4435305175669,simulationGroup1
71,2,6.22638196382325,12.5432113137183,simulationGroup1
71,3,9.01044216469033,11.8365048670446,simulationGroup1
71,4,2.68678205546799,25.6105033887314,simulationGroup1
71,5,3.09178263862503,15.0811366798104,simulationGroup1
71,6,2.21617488946567,18.3795893279194,simulationGroup1
71,7,5.03178696791036,12.888474973607,simulationGroup1
71,8,2.59326013330287,23.5471560085211,simulationGroup1
71,9,5.63144698626935,13.1270124771408,simulationGroup1
71,10,7.54075840118161,15.7090133666892,simulationGroup1
71,11,7.06342025182078,24.5413573314806,simulationGroup1
71,12,7.57127392397421,9.20471072629538,simulationGroup1
71,13,2.74024418786825,24.9484541038545,simulationGroup1
71,14,3.7318547038141,13.504226796076,simulationGroup1
71,15,1.22052518587012,32.1027575211238,simulationGroup1
72,1,2.57030631847598,13.9434560753507,simulationGroup1
72,2,11.5941024180858,11.3648627799262,simulationGroup1
72,3,5.96464056921689,14.570140927233,simulationGroup1
72,4,5.68299088234866,4.04316322817037,simulationGroup1
72,5,0.8704000788508852,9.93527817578623,simulationGroup1
72,6,7.20373290018443,8.65346371958896,simulationGroup1
72,7,1.49889222767623,12.2537170804566,simulationGroup1
72,8,7.58205102282489,32.7859895822972,simulationGroup1
72,9,5.04087080690058,33.1414930553196,simulationGroup1
72,10,4.06996064010262,18.3877276401125,simulationGroup1
72,11,8.30402190861037,21.6361434313461,simulationGroup1
72,12,3.18044479148167,22.6890834785062,simulationGroup1
72,13,8.373433971316,14.0656655316812,simulationGroup1
72,14,4.89603205030919,34.916235490203,simulationGroup1
72,15,4.21491951327312,20.5273138596972,simulationGroup1
73,1,5.73041267278104,24.5837145520467,simulationGroup1
73,2,9.71209196715414,20.3025955289455,simulationGroup1
73,3,4.28271829122769,70.6508246669922,simulationGroup1
73,4,8.0492167961819,20.6423303285749,simulationGroup1
73,5,5.41855478958217,10.093397261805,simulationGroup1
73,6,7.27378187091058,88.6980686575227,simulationGroup1
73,7,4.98851989752513,11.5055658341736,simulationGroup1
73,8,13.5941708848262,16.8061928610494,simulationGroup1
73,9,5.05108471972022,10.3545330789889,simulationGroup1
73,10,6.88999268941294,8.77094582466055,simulationGroup1
73,11,1.13308722269547,17.1991312631345,simulationGroup1
73,12,3.55756609258887,11.3406464349957,simulationGroup1
73,13,7.0176491964089,17.0863277139192,simulationGroup1
73,14,5.31357046735898,15.0817962969554,simulationGroup1
73,15,8.25951853544372,6.08800970852104,simulationGroup1
74,1,12.4742593193945,16.0981793291397,simulationGroup1
74,2,2.38117614913458,18.555858377901,simulationGroup1
74,3,3.46398620210585,20.0193997895679,simulationGroup1
74,4,1.15428427980853,9.90929174338082,simulationGroup1
74,5,3.8507003308309,26.9715432135113,simulationGroup1
74,6,5.66137568785763,15.8251665886275,simulationGroup1
74,7,2.78277185538592,19.5942001715053,simulationGroup1
74,8,6.2809219316458,11.0202625231805,simulationGroup1
74,9,22.9302186803043,21.2737657636609,simulationGroup1
74,10,9.40267467624896,13.1615641602859,simulationGroup1
74,11,3.05854762233926,15.8774086805536,simulationGroup1
74,12,1.67506043314267,12.4793147011571,simulationGroup1
74,13,13.0226060584641,22.75523819703,simulationGroup1
74,14,1.2100946274516,29.5078668183507,simulationGroup1
74,15,15.3293608566061,22.4827950156235,simulationGroup1
75,1,1.0625798796482,11.0929501642058,simulationGroup1
75,2,2.02501867872889,13.0840456338176,simulationGroup1
75,3,4.7869683005298,16.3903477214338,simulationGroup1
75,4,6.07514812398559,22.9149247620897,simulationGroup1
75,5,6.60928944759942,11.584366641302,simulationGroup1
75,6,52.0018679697762,22.6160764141306,simulationGroup1
75,7,6.88156457784668,14.2231894543084,simulationGroup1
75,8,7.34454488473936,17.1339664996597,simulationGroup1
75,9,13.7668743903143,16.6636184199634,simulationGroup1
75,10,8.51477333727311,20.264060262191,simulationGroup1
75,11,12.408770340406,27.6500553496324,simulationGroup1
75,12,6.08598490717722,16.4336331346615,simulationGroup1
75,13,8.32014165482071,29.4401656661983,simulationGroup1
75,14,3.99843650736905,15.7214778211313,simulationGroup1
75,15,5.06105368537718,12.5967177545881,simulationGroup1
76,1,6.41383432472276,13.2869244528587,simulationGroup1
76,2,10.1632029603004,32.701817444748,simulationGroup1
76,3,6.24289565239168,65.4726374294585,simulationGroup1
76,4,7.61105789554805,8.8258847566915,simulationGroup1
76,5,17.7935267798873,10.4437756305009,simulationGroup1
76,6,2.93590269122555,16.180486538064,simulationGroup1
76,7,6.88043723454216,22.0663353156872,simulationGroup1
76,8,5.35833315321882,31.3670201634484,simulationGroup1
76,9,6.32230741336586,21.9803794499628,simulationGroup1
76,10,6.07424176321843,9.17921624076908,simulationGroup1
76,11,1.48119496294682,72.1608313709553,simulationGroup1
76,12,1.10415989699347,11.2039809252713,simulationGroup1
76,13,4.33552159075042,19.9267768816242,simulationGroup1
76,14,1.00685846663905,31.4739265620775,simulationGroup1
76,15,9.17020414333185,8.10519315401824,simulationGroup1
77,1,8.93012126447713,15.802612203384,simulationGroup1
77,2,3.72943479282141,22.5996608462892,simulationGroup1
77,3,7.88331386091155,20.5965287371987,simulationGroup1
77,4,3.8002938464561,12.2677165882691,simulationGroup1
77,5,4.61378495828596,17.6270204698228,simulationGroup1
77,6,7.37838384630447,18.6318507983411,simulationGroup1
77,7,33.3435925708184,26.3205123557856,simulationGroup1
77,8,7.814732321326,17.7646092408169,simulationGroup1
77,9,3.21129723261769,27.7241929363609,simulationGroup1
77,10,4.84846437348077,17.8299792913369,simulationGroup1
77,11,3.78522618504343,38.8877389948841,simulationGroup1
77,12,18.6691271717161,8.52820096896995,simulationGroup1
77,13,11.5775282167155,18.4580236587175,simulationGroup1
77,14,9.05833783755104,18.4292338937231,simulationGroup1
77,15,3.95506792359018,7.75972130092735,simulationGroup1
78,1,17.4031749376715,13.4671956320986,simulationGroup1
78,2,0.7097740389479782,19.786243558449,simulationGroup1
78,3,10.482674363754,10.230360253692,simulationGroup1
78,4,16.4868355692499,18.327902353306,simulationGroup1
78,5,7.7170755588237,22.6788781731483,simulationGroup1
78,6,9.82057941031607,13.4342551141042,simulationGroup1
78,7,3.67846803338724,15.4841706113074,simulationGroup1
78,8,3.97361257990858,18.3072641123446,simulationGroup1
78,9,3.77181927368466,19.8061755723389,simulationGroup1
78,10,10.6422469911665,12.1920046962499,simulationGroup1
78,11,3.35967946133695,28.1137374463027,simulationGroup1
78,12,3.18490489315275,14.5514554832327,simulationGroup1
78,13,5.06508934806444,20.5713299144914,simulationGroup1
78,14,2.61298235625822,28.0572145167564,simulationGroup1
78,15,14.0786586712264,15.6553890903028,simulationGroup1
79,1,3.57833304185534,10.4637865436241,simulationGroup1
79,2,4.35261798768545,17.3093890279144,simulationGroup1
79,3,4.44286698243771,9.77351114950371,simulationGroup1
79,4,3.3101786353686,14.7004241762595,simulationGroup1
79,5,14.0880756236544,32.47728101012,simulationGroup1
79,6,10.4085385621314,23.0248596202993,simulationGroup1
79,7,2.75129710624432,42.2877162302558,simulationGroup1
79,8,6.05755904407784,23.9129089383943,simulationGroup1
79,9,4.73807796716278,9.49438987820338,simulationGroup1
79,10,9.95376920925201,15.7670052215585,simulationGroup1
79,11,3.60707837611357,15.1282429880961,simulationGroup1
79,12,4.77363627389536,14.2992319955273,simulationGroup1
79,13,3.43854034475098,16.760328248858,simulationGroup1
79,14,5.1506274324109,8.756955288839,simulationGroup1
79,15,6.39487317074053,11.1034492486537,simulationGroup1
80,1,8.16160475142927,19.1933412258887,simulationGroup1
80,2,7.49521939939632,27.5624785121051,simulationGroup1
80,3,6.16609376980053,21.3574410926484,simulationGroup1
80,4,14.4404471415737,11.2279742059791,simulationGroup1
80,5,4.39887954929105,14.2088054582151,simulationGroup1
80,6,4.91671288511259,15.2593005296903,simulationGroup1
80,7,5.83627639471721,16.4313767973493,simulationGroup1
80,8,3.2003277502991,17.0528350208843,simulationGroup1
80,9,3.63214425387564,28.5356800977103,simulationGroup1
80,10,7.39436884227779,11.0650026541396,simulationGroup1
80,11,3.55836759051094,35.4047461745279,simulationGroup1
80,12,0.9260127203640011,20.2098008607752,simulationGroup1
80,13,3.91675803120665,34.5465834013969,simulationGroup1
80,14,4.55887351078974,7.51502717381454,simulationGroup1
80,15,1.47519401161104,15.3347229345147,simulationGroup1
81,1,3.914538701299,22.8008040873217,simulationGroup1
81,2,3.86204478267881,9.57536290401964,simulationGroup1
81,3,4.77757502167863,9.00999988640392,simulationGroup1
81,4,8.71141062614119,11.0125552755119,simulationGroup1
81,5,6.22956288194239,19.5340953761243,simulationGroup1
81,6,4.37784914074747,18.5856156929819,simulationGroup1
81,7,3.91916676639404,8.65384514116385,simulationGroup1
81,8,5.74173986714495,17.758002074232,simulationGroup1
81,9,2.75481440950114,24.995751529295,simulationGroup1
81,10,2.30094890465328,18.8147328994064,simulationGroup1
81,11,19.8365820390582,20.3180417639836,simulationGroup1
81,12,10.3890739068425,15.1930463849629,simulationGroup1
81,13,1.75399536909411,14.1888804895472,simulationGroup1
81,14,15.8084801953896,15.6920147089237,simulationGroup1
81,15,11.8718033890766,8.16429270166854,simulationGroup1
82,1,6.49685659451416,21.4068816409412,simulationGroup1
82,2,1.64507798602643,17.189926240327,simulationGroup1
82,3,5.22298291050942,19.4547460628079,simulationGroup1
82,4,4.61202281083824,9.91188790408063,simulationGroup1
82,5,3.30368405263076,28.7644767140496,simulationGroup1
82,6,6.99509712364754,51.2222229027885,simulationGroup1
82,7,10.2254880812013,34.7075688874073,simulationGroup1
82,8,6.86685112969046,8.27288249995897,simulationGroup1
82,9,5.43004076337997,16.8867063000399,simulationGroup1
82,10,4.69826608152723,7.19450691297151,simulationGroup1
82,11,43.4939036007889,24.0396562935798,simulationGroup1
82,12,6.92737917650152,24.1809693382115,simulationGroup1
82,13,4.73806414512881,62.6849791473678,simulationGroup1
82,14,4.59112650909574,31.6021316500189,simulationGroup1
82,15,6.82861561203749,23.5184475240471,simulationGroup1
83,1,1.91445728851043,22.9821984795543,simulationGroup1
83,2,4.63869133432655,11.9054426089304,simulationGroup1
83,3,7.90447512237743,13.3811459099773,simulationGroup1
83,4,3.87671754359996,61.0091929283798,simulationGroup1
83,5,1.8684277209075,16.1073687508697,simulationGroup1
83,6,0.42223378135567,30.2734157050769,simulationGroup1
83,7,6.84729949486944,9.65004143040174,simulationGroup1
83,8,2.24550815560864,51.9709726692342,simulationGroup1
83,9,2.25689096785955,25.9407738522909,simulationGroup1
83,10,5.2459810374876,13.456232447337,simulationGroup1
83,11,5.51929161819791,71.9118962945142,simulationGroup1
83,12,20.4073866989715,21.043089429879,simulationGroup1
83,13,25.9242152728965,12.9538602436348,simulationGroup1
83,14,14.5530678014789,42.1520166485858,simulationGroup1
83,15,6.44941589365219,10.9158514509222,simulationGroup1
84,1,2.03716446936303,19.2911967760994,simulationGroup1
84,2,11.8168177440522,15.629127107784,simulationGroup1
84,3,3.17849219062747,9.86690830405739,simulationGroup1
84,4,6.62615224259224,30.257496613858,simulationGroup1
84,5,2.86629542199969,9.73009303442981,simulationGroup1
84,6,3.18256234572491,18.8693641455671,simulationGroup1
84,7,2.4580377440281,46.2086612415567,simulationGroup1
84,8,1.82326071184502,15.4770809592652,simulationGroup1
84,9,3.23810683124544,38.7366670299915,simulationGroup1
84,10,3.53943649251841,28.369125594081,simulationGroup1
84,11,3.82551443204605,16.9038480189351,simulationGroup1
84,12,7.62027372173168,20.0009469448097,simulationGroup1
84,13,3.3286520979633,14.6127294009704,simulationGroup1
84,14,1.64566653822517,13.8267538895215,simulationGroup1
84,15,2.94959591547862,16.3127354336615,simulationGroup1
85,1,10.6300699313784,15.2560712058977,simulationGroup1
85,2,4.03203797881008,29.8160484687509,simulationGroup1
85,3,16.5967991148348,12.9289639376405,simulationGroup1
85,4,5.73538992036686,43.5937025817826,simulationGroup1
85,5,8.35157377702228,14.6433579535417,simulationGroup1
85,6,7.11127088311141,15.4081402410667,simulationGroup1
85,7,2.59120641625229,10.9716838920601,simulationGroup1
85,8,3.07303784356829,16.5287498030581,simulationGroup1
85,9,9.78119551646178,12.3672087380856,simulationGroup1
85,10,24.0021686549486,11.9009032759191,simulationGroup1
85,11,4.29655196413806,20.5504372456614,simulationGroup1
85,12,2.92478236193552,21.3390459180437,simulationGroup1
85,13,4.14904444764205,15.9840071608097,simulationGroup1
85,14,8.25800952715802,11.8798878732547,simulationGroup1
85,15,17.8386908599356,14.9100423400544,simulationGroup1
86,1,7.66626864418719,34.7386088801968,simulationGroup1
86,2,8.34975448795674,7.465658381884,simulationGroup1
86,3,4.2097137810568,26.6017449300328,simulationGroup1
86,4,3.59556415616576,39.6214281799801,simulationGroup1
86,5,6.09926513842863,17.5004251348817,simulationGroup1
86,6,6.95400678172563,18.2497403318817,simulationGroup1
86,7,8.43183176102307,79.8594982235814,simulationGroup1
86,8,3.90724816374565,28.8185786491756,simulationGroup1
86,9,4.41777952520081,16.5332073522934,simulationGroup1
86,10,7.66383415779225,37.4510336337086,simulationGroup1
86,11,1.83161604136334,19.9991398355601,simulationGroup1
86,12,29.6878854062289,22.7421849108787,simulationGroup1
86,13,12.3304045780059,13.5868140226389,simulationGroup1
86,14,3.8398295268826,10.3041011126446,simulationGroup1
86,15,7.08038863352702,13.4381523217609,simulationGroup1
87,1,1.91108490135115,27.2122964563141,simulationGroup1
87,2,3.51775472688126,13.864690109877,simulationGroup1
87,3,5.21567717576334,20.316625483641,simulationGroup1
87,4,2.7700106660024,20.3463957429707,simulationGroup1
87,5,1.65869594517765,19.8840360963934,simulationGroup1
87,6,3.87198259883068,12.1430020444121,simulationGroup1
87,7,6.43441999981787,9.20241012874123,simulationGroup1
87,8,1.9171853483042,43.2886373944528,simulationGroup1
87,9,2.12626462464833,29.4999761533276,simulationGroup1
87,10,15.0875104384677,17.2840866215827,simulationGroup1
87,11,10.1831153233998,13.2616408251095,simulationGroup1
87,12,6.64428178399472,21.4398854591737,simulationGroup1
87,13,0.9965833167332079,15.1370755163922,simulationGroup1
87,14,29.4153053536233,37.7068328864818,simulationGroup1
87,15,7.01057452757826,17.5374473681181,simulationGroup1
88,1,0.9374646711845476,31.772147447511,simulationGroup1
88,2,1.54927936485488,16.4526308068736,simulationGroup1
88,3,7.11637805667301,41.7458921096485,simulationGroup1
88,4,6.01735274892298,27.5151034648687,simulationGroup1
88,5,3.31362474493995,13.8118460701259,simulationGroup1
88,6,3.89349351300317,31.4508369099591,simulationGroup1
88,7,14.8909509315931,9.3566301811461,simulationGroup1
88,8,12.1050991609136,14.6912035914282,simulationGroup1
88,9,4.76519419127294,15.7170205011517,simulationGroup1
88,10,2.03933689286479,18.5016227116311,simulationGroup1
88,11,7.99589335383156,29.5594593749671,simulationGroup1
88,12,1.56980108818807,11.390015326096,simulationGroup1
88,13,3.87688713405332,12.4547436881849,simulationGroup1
88,14,2.2079921676706,25.8520369469382,simulationGroup1
88,15,2.92249639999985,16.5565185331576,simulationGroup1
89,1,3.75779162577268,16.3980428818129,simulationGroup1
89,2,6.58126914726301,35.7315660859574,simulationGroup1
89,3,4.02488020945818,7.19841389238134,simulationGroup1
89,4,7.57660133138686,16.0524057377692,simulationGroup1
89,5,2.06427119680125,8.69322730689237,simulationGroup1
89,6,7.37259129678379,23.0933209215606,simulationGroup1
89,7,3.78681188029264,22.6840776697597,simulationGroup1
89,8,4.71908952814038,40.21527743336,simulationGroup1
89,9,9.50780899003223,22.2914883907381,simulationGroup1
89,10,5.64634780167315,9.133171669915,simulationGroup1
89,11,2.40042526884328,26.4432895537529,simulationGroup1
89,12,24.2268361190823,22.0701520232049,simulationGroup1
89,13,4.10389149734626,15.8018144079138,simulationGroup1
89,14,3.55427250786961,30.0775857920056,simulationGroup1
89,15,2.82207702955999,31.7862077779044,simulationGroup1
90,1,2.85587988918443,20.7280659886553,simulationGroup1
90,2,9.85415465174556,17.8110495017534,simulationGroup1
90,3,8.52328699864,14.1073387346252,simulationGroup1
90,4,11.4121455765603,12.8772831589029,simulationGroup1
90,5,1.7490305070998,15.088355617681,simulationGroup1
90,6,6.39073940792498,14.4085291559798,simulationGroup1
90,7,7.88459447834986,27.6203352465018,simulationGroup1
90,8,5.52979016572976,7.8809260380507,simulationGroup1
90,9,10.8093790274756,24.7392426015994,simulationGroup1
90,10,8.4802978496916,25.7307069419839,simulationGroup1
90,11,3.74611017337164,11.7153180201076,simulationGroup1
90,12,3.37475494609228,40.3301350093263,simulationGroup1
90,13,17.7556949578523,22.5705517556357,simulationGroup1
90,14,1.97868177614621,56.2090380916705,simulationGroup1
90,15,3.80770921391749,30.1226517994278,simulationGroup1
91,1,2.28052499949029,17.3174799132648,simulationGroup1
91,2,6.80600898976964,16.3852819610346,simulationGroup1
91,3,2.27584956887945,16.6869899961191,simulationGroup1
91,4,1.72470873295726,9.79149877684661,simulationGroup1
91,5,5.28121870811547,7.43854801794229,simulationGroup1
91,6,5.54947652747639,12.1623878506562,simulationGroup1
91,7,1.52015182292913,38.6284287926534,simulationGroup1
91,8,10.2658499496534,20.4162323545315,simulationGroup1
91,9,2.74859987185105,14.5344339590084,simulationGroup1
91,10,3.69330717791037,20.5424538586355,simulationGroup1
91,11,8.30499250064667,28.4361731295553,simulationGroup1
91,12,2.40897842762011,14.7349811465017,simulationGroup1
91,13,1.06271545610892,13.5089915502847,simulationGroup1
91,14,4.06017378333527,28.925126649737,simulationGroup1
91,15,6.8957878928257,26.9088932418883,simulationGroup1
92,1,2.43208226573138,6.21877909674832,simulationGroup1
92,2,2.36687537196152,16.5161225018316,simulationGroup1
92,3,1.63919758374854,12.941793401041,simulationGroup1
92,4,6.49326773424122,16.6767941038631,simulationGroup1
92,5,5.3714071815197,26.0516369302519,simulationGroup1
92,6,5.60583021114121,25.7769826826044,simulationGroup1
92,7,4.30619408678032,23.9958806733763,simulationGroup1
92,8,3.02703721028603,36.0336104799506,simulationGroup1
92,9,1.77321517548298,19.2103620685781,simulationGroup1
92,10,1.39747801569446,11.9145107726343,simulationGroup1
92,11,10.4910823909429,80.9440058989749,simulationGroup1
92,12,0.4824437852066166,19.2112009460477,simulationGroup1
92,13,4.18696936670387,11.5182164339412,simulationGroup1
92,14,4.41678780460713,14.3982530215982,simulationGroup1
92,15,1.50572106948933,29.0254756085362,simulationGroup1
93,1,12.1966073266302,14.0366781228055,simulationGroup1
93,2,6.75241535454806,6.27921091438508,simulationGroup1
93,3,2.8829578465971,6.92927744636076,simulationGroup1
93,4,10.3920468595811,6.98922212815647,simulationGroup1
93,5,3.62890654443888,11.5739706910738,simulationGroup1
93,6,4.00756608537946,17.2316239429958,simulationGroup1
93,7,8.77052305380471,15.0144630201346,simulationGroup1
93,8,6.40713720052098,29.4829414256944,simulationGroup1
93,9,1.14388695009484,25.65398813523,simulationGroup1
93,10,2.7350791848256,18.7384677473358,simulationGroup1
93,11,7.57197111079585,37.5800613029939,simulationGroup1
93,12,3.79718527238126,19.1567579214009,simulationGroup1
93,13,8.229929644265,26.5405239364029,simulationGroup1
93,14,7.70702391193657,17.6519398246762,simulationGroup1
93,15,11.6661941271969,19.5520331598484,simulationGroup1
94,1,4.93499878501931,23.5029690693917,simulationGroup1
94,2,2.58144297665378,10.4288222874577,simulationGroup1
94,3,15.8178071547846,11.4585691550077,simulationGroup1
94,4,1.1327629891717,82.3479495328686,simulationGroup1
94,5,0.7232897356279557,18.6049889732897,simulationGroup1
94,6,4.29229262080735,14.3589990839664,simulationGroup1
94,7,2.22053821822384,27.4572192138505,simulationGroup1
94,8,2.39041774373789,10.7662808565179,simulationGroup1
94,9,22.4623891096915,15.3224593502841,simulationGroup1
94,10,7.10123622169297,45.5049915605917,simulationGroup1
94,11,2.95405836575975,13.2642706727355,simulationGroup1
94,12,11.1950949510152,28.274633856624,simulationGroup1
94,13,3.42581009842642,21.1516376983397,simulationGroup1
94,14,9.24744518463273,26.8489307339926,simulationGroup1
94,15,4.69491068122629,10.7444982140426,simulationGroup1
95,1,0.8082183336226545,5.63923742656113,simulationGroup1
95,2,5.19864368582519,22.389545755464,simulationGroup1
95,3,13.0267132476953,61.4140300701817,simulationGroup1
95,4,3.99500725048092,25.9614876019456,simulationGroup1
95,5,1.91301113882461,16.194412768824,simulationGroup1
95,6,6.66091543391778,30.2297999271354,simulationGroup1
95,7,7.78275807898121,10.1578961707344,simulationGroup1
95,8,1.23944537189271,14.5305124957857,simulationGroup1
95,9,2.07302218094509,22.1304528086104,simulationGroup1
95,10,3.6303422821028,10.2134040521821,simulationGroup1
95,11,3.72205098881915,16.0096759783203,simulationGroup1
95,12,3.80172007512682,15.710528287301,simulationGroup1
95,13,2.89974455784154,26.6273697276543,simulationGroup1
95,14,5.49657639114264,7.79535251316631,simulationGroup1
95,15,19.162036663173,7.0783691093493,simulationGroup1
96,1,5.42337934741785,16.1270932331338,simulationGroup1
96,2,3.91973921013424,13.2868396569117,simulationGroup1
96,3,2.83620256200912,14.5615025664915,simulationGroup1
96,4,4.56189008814561,20.816391659079,simulationGroup1
96,5,2.79324162586914,17.8928507805265,simulationGroup1
96,6,2.6820773055756,11.5158695745072,simulationGroup1
96,7,3.1193644463824,20.2244039195283,simulationGroup1
96,8,7.24780009494313,18.0363196586256,simulationGroup1
96,9,2.4882460213312,45.4360101830921,simulationGroup1
96,10,2.30272548334598,8.25047359951317,simulationGroup1
96,11,1.44547440484104,36.7912960602961,simulationGroup1
96,12,4.70841281542608,15.0660736227259,simulationGroup1
96,13,10.4516601349804,21.9066561351575,simulationGroup1
96,14,9.48094610501183,16.1311439206064,simulationGroup1
96,15,1.85392237924307,30.761527107935,simulationGroup1
97,1,3.26870333941218,24.64956096927,simulationGroup1
97,2,10.4770310092984,20.6256459737125,simulationGroup1
97,3,0.8041192989779826,33.942877414084,simulationGroup1
97,4,0.6949996570152869,20.296266902874,simulationGroup1
97,5,4.08780013485516,8.92046735615157,simulationGroup1
97,6,4.95752851273536,18.1896981959461,simulationGroup1
97,7,3.82782054279673,9.70619179134153,simulationGroup1
97,8,5.01550731359884,32.9145789679217,simulationGroup1
97,9,1.73708729824792,24.7107238620625,simulationGroup1
97,10,7.70168436269249,26.8561194400869,simulationGroup1
97,11,13.5234033628746,22.7854638819522,simulationGroup1
97,12,11.9827695251922,44.9234483578152,simulationGroup1
97,13,2.17768485980531,6.52306498965349,simulationGroup1
97,14,6.56626260507454,7.48223556391166,simulationGroup1
97,15,2.87115089398955,29.5450200579539,simulationGroup1
98,1,2.61421190838608,38.2021040132014,simulationGroup1
98,2,2.89925285033905,14.0806737427479,simulationGroup1
98,3,2.22430922037496,17.9028144773464,simulationGroup1
98,4,3.19554110785076,13.9668681729572,simulationGroup1
98,5,6.01181760456092,35.7370187328248,simulationGroup1
98,6,1.99029332438098,15.384206329939,simulationGroup1
98,7,12.2986778787487,36.7206344016027,simulationGroup1
98,8,7.88419342074394,11.3617964909493,simulationGroup1
98,9,7.0625107977606,24.0903280285574,simulationGroup1
98,10,5.77358680665845,13.1347995989842,simulationGroup1
98,11,2.74903681724957,8.03912571948205,simulationGroup1
98,12,3.7097361023745,29.7204717264324,simulationGroup1
98,13,1.71896280452814,9.305678217053,simulationGroup1
98,14,1.58882706718306,11.7602793486102,simulationGroup1
98,15,3.19275752204885,21.8370524537363,simulationGroup1
99,1,7.72244826482793,5.64592405581782,simulationGroup1
99,2,7.11810137236022,72.5800852486064,simulationGroup1
99,3,8.27117186773538,16.8423783973545,simulationGroup1
99,4,6.0769743521411,45.0180771494945,simulationGroup1
99,5,3.27919597744033,14.6998612675983,simulationGroup1
99,6,5.48327882503944,20.1478616286587,simulationGroup1
99,7,10.8178716930293,23.3941049981701,simulationGroup1
99,8,13.6565178606348,8.98278005360239,simulationGroup1
99,9,4.6533164275319,17.6624756116384,simulationGroup1
99,10,9.42026892173866,21.2821932774134,simulationGroup1
99,11,7.29182066966235,17.0143683767912,simulationGroup1
99,12,2.74575477567633,4.85296193941604,simulationGroup1
99,13,34.3898684138977,9.65998079027416,simulationGroup1
99,14,2.19347877874393,6.66511459785585,simulationGroup1
99,15,10.3068068626108,14.2477250800197,simulationGroup1
100,1,4.87214726159454,17.0867588160849,simulationGroup1
100,2,15.9714622522569,12.4941809560104,simulationGroup1
100,3,6.49660846745121,20.782031696405,simulationGroup1
100,4,1.3569384768446,22.1726779765862,simulationGroup1
100,5,7.29206090642985,9.75236882747176,simulationGroup1
100,6,18.2812706135748,26.9223003247344,simulationGroup1
100,7,1.80687883455047,16.0531464049843,simulationGroup1
100,8,2.35377373345024,9.12406634449176,simulationGroup1
100,9,1.36228766747677,21.9071748219962,simulationGroup1
100,10,6.9857432871481,20.5068914369613,simulationGroup1
100,11,5.7982623466247,23.6830201821622,simulationGroup1
100,12,12.825038214596,17.9356234356635,simulationGroup1
100,13,6.63401546932245,13.4988154710028,simulationGroup1
100,14,6.54628580082375,19.8962702203385,simulationGroup1
100,15,2.24090258768377,25.1833601424003,simulationGroup1
