rep,fM1_pop,omega_fM1,theta_pop,omega_theta,delta_V,delta_S,delta_Ab,alpha_1,alpha_2,sigma_Ab,sigma_1,sigma_2,group
1,4.132851589,0.535186557,0.408281329,0.144455791,2.7,0.008992836,0.03,0.1,1,0.585069453,0.440295299,0.440295299,simulationGroup1
2,4.132851589,0.535186557,0.408281329,0.144455791,2.7,0.008992836,0.03,0.1,1,0.585069453,0.440295299,0.440295299,simulationGroup1
3,4.132851589,0.535186557,0.408281329,0.144455791,2.7,0.008992836,0.03,0.1,1,0.585069453,0.440295299,0.440295299,simulationGroup1
4,4.132851589,0.535186557,0.408281329,0.144455791,2.7,0.008992836,0.03,0.1,1,0.585069453,0.440295299,0.440295299,simulationGroup1
5,4.132851589,0.535186557,0.408281329,0.144455791,2.7,0.008992836,0.03,0.1,1,0.585069453,0.440295299,0.440295299,simulationGroup1
6,4.132851589,0.535186557,0.408281329,0.144455791,2.7,0.008992836,0.03,0.1,1,0.585069453,0.440295299,0.440295299,simulationGroup1
7,4.132851589,0.535186557,0.408281329,0.144455791,2.7,0.008992836,0.03,0.1,1,0.585069453,0.440295299,0.440295299,simulationGroup1
8,4.132851589,0.535186557,0.408281329,0.144455791,2.7,0.008992836,0.03,0.1,1,0.585069453,0.440295299,0.440295299,simulationGroup1
9,4.132851589,0.535186557,0.408281329,0.144455791,2.7,0.008992836,0.03,0.1,1,0.585069453,0.440295299,0.440295299,simulationGroup1
10,4.132851589,0.535186557,0.408281329,0.144455791,2.7,0.008992836,0.03,0.1,1,0.585069453,0.440295299,0.440295299,simulationGroup1
11,4.132851589,0.535186557,0.408281329,0.144455791,2.7,0.008992836,0.03,0.1,1,0.585069453,0.440295299,0.440295299,simulationGroup1
12,4.132851589,0.535186557,0.408281329,0.144455791,2.7,0.008992836,0.03,0.1,1,0.585069453,0.440295299,0.440295299,simulationGroup1
13,4.132851589,0.535186557,0.408281329,0.144455791,2.7,0.008992836,0.03,0.1,1,0.585069453,0.440295299,0.440295299,simulationGroup1
14,4.132851589,0.535186557,0.408281329,0.144455791,2.7,0.008992836,0.03,0.1,1,0.585069453,0.440295299,0.440295299,simulationGroup1
15,4.132851589,0.535186557,0.408281329,0.144455791,2.7,0.008992836,0.03,0.1,1,0.585069453,0.440295299,0.440295299,simulationGroup1
16,4.132851589,0.535186557,0.408281329,0.144455791,2.7,0.008992836,0.03,0.1,1,0.585069453,0.440295299,0.440295299,simulationGroup1
17,4.132851589,0.535186557,0.408281329,0.144455791,2.7,0.008992836,0.03,0.1,1,0.585069453,0.440295299,0.440295299,simulationGroup1
18,4.132851589,0.535186557,0.408281329,0.144455791,2.7,0.008992836,0.03,0.1,1,0.585069453,0.440295299,0.440295299,simulationGroup1
19,4.132851589,0.535186557,0.408281329,0.144455791,2.7,0.008992836,0.03,0.1,1,0.585069453,0.440295299,0.440295299,simulationGroup1
20,4.132851589,0.535186557,0.408281329,0.144455791,2.7,0.008992836,0.03,0.1,1,0.585069453,0.440295299,0.440295299,simulationGroup1
21,4.132851589,0.535186557,0.408281329,0.144455791,2.7,0.008992836,0.03,0.1,1,0.585069453,0.440295299,0.440295299,simulationGroup1
22,4.132851589,0.535186557,0.408281329,0.144455791,2.7,0.008992836,0.03,0.1,1,0.585069453,0.440295299,0.440295299,simulationGroup1
23,4.132851589,0.535186557,0.408281329,0.144455791,2.7,0.008992836,0.03,0.1,1,0.585069453,0.440295299,0.440295299,simulationGroup1
24,4.132851589,0.535186557,0.408281329,0.144455791,2.7,0.008992836,0.03,0.1,1,0.585069453,0.440295299,0.440295299,simulationGroup1
25,4.132851589,0.535186557,0.408281329,0.144455791,2.7,0.008992836,0.03,0.1,1,0.585069453,0.440295299,0.440295299,simulationGroup1
26,4.132851589,0.535186557,0.408281329,0.144455791,2.7,0.008992836,0.03,0.1,1,0.585069453,0.440295299,0.440295299,simulationGroup1
27,4.132851589,0.535186557,0.408281329,0.144455791,2.7,0.008992836,0.03,0.1,1,0.585069453,0.440295299,0.440295299,simulationGroup1
28,4.132851589,0.535186557,0.408281329,0.144455791,2.7,0.008992836,0.03,0.1,1,0.585069453,0.440295299,0.440295299,simulationGroup1
29,4.132851589,0.535186557,0.408281329,0.144455791,2.7,0.008992836,0.03,0.1,1,0.585069453,0.440295299,0.440295299,simulationGroup1
30,4.132851589,0.535186557,0.408281329,0.144455791,2.7,0.008992836,0.03,0.1,1,0.585069453,0.440295299,0.440295299,simulationGroup1
31,4.132851589,0.535186557,0.408281329,0.144455791,2.7,0.008992836,0.03,0.1,1,0.585069453,0.440295299,0.440295299,simulationGroup1
32,4.132851589,0.535186557,0.408281329,0.144455791,2.7,0.008992836,0.03,0.1,1,0.585069453,0.440295299,0.440295299,simulationGroup1
33,4.132851589,0.535186557,0.408281329,0.144455791,2.7,0.008992836,0.03,0.1,1,0.585069453,0.440295299,0.440295299,simulationGroup1
34,4.132851589,0.535186557,0.408281329,0.144455791,2.7,0.008992836,0.03,0.1,1,0.585069453,0.440295299,0.440295299,simulationGroup1
35,4.132851589,0.535186557,0.408281329,0.144455791,2.7,0.008992836,0.03,0.1,1,0.585069453,0.440295299,0.440295299,simulationGroup1
36,4.132851589,0.535186557,0.408281329,0.144455791,2.7,0.008992836,0.03,0.1,1,0.585069453,0.440295299,0.440295299,simulationGroup1
37,4.132851589,0.535186557,0.408281329,0.144455791,2.7,0.008992836,0.03,0.1,1,0.585069453,0.440295299,0.440295299,simulationGroup1
38,4.132851589,0.535186557,0.408281329,0.144455791,2.7,0.008992836,0.03,0.1,1,0.585069453,0.440295299,0.440295299,simulationGroup1
39,4.132851589,0.535186557,0.408281329,0.144455791,2.7,0.008992836,0.03,0.1,1,0.585069453,0.440295299,0.440295299,simulationGroup1
40,4.132851589,0.535186557,0.408281329,0.144455791,2.7,0.008992836,0.03,0.1,1,0.585069453,0.440295299,0.440295299,simulationGroup1
41,4.132851589,0.535186557,0.408281329,0.144455791,2.7,0.008992836,0.03,0.1,1,0.585069453,0.440295299,0.440295299,simulationGroup1
42,4.132851589,0.535186557,0.408281329,0.144455791,2.7,0.008992836,0.03,0.1,1,0.585069453,0.440295299,0.440295299,simulationGroup1
43,4.132851589,0.535186557,0.408281329,0.144455791,2.7,0.008992836,0.03,0.1,1,0.585069453,0.440295299,0.440295299,simulationGroup1
44,4.132851589,0.535186557,0.408281329,0.144455791,2.7,0.008992836,0.03,0.1,1,0.585069453,0.440295299,0.440295299,simulationGroup1
45,4.132851589,0.535186557,0.408281329,0.144455791,2.7,0.008992836,0.03,0.1,1,0.585069453,0.440295299,0.440295299,simulationGroup1
46,4.132851589,0.535186557,0.408281329,0.144455791,2.7,0.008992836,0.03,0.1,1,0.585069453,0.440295299,0.440295299,simulationGroup1
47,4.132851589,0.535186557,0.408281329,0.144455791,2.7,0.008992836,0.03,0.1,1,0.585069453,0.440295299,0.440295299,simulationGroup1
48,4.132851589,0.535186557,0.408281329,0.144455791,2.7,0.008992836,0.03,0.1,1,0.585069453,0.440295299,0.440295299,simulationGroup1
49,4.132851589,0.535186557,0.408281329,0.144455791,2.7,0.008992836,0.03,0.1,1,0.585069453,0.440295299,0.440295299,simulationGroup1
50,4.132851589,0.535186557,0.408281329,0.144455791,2.7,0.008992836,0.03,0.1,1,0.585069453,0.440295299,0.440295299,simulationGroup1
51,4.132851589,0.535186557,0.408281329,0.144455791,2.7,0.008992836,0.03,0.1,1,0.585069453,0.440295299,0.440295299,simulationGroup1
52,4.132851589,0.535186557,0.408281329,0.144455791,2.7,0.008992836,0.03,0.1,1,0.585069453,0.440295299,0.440295299,simulationGroup1
53,4.132851589,0.535186557,0.408281329,0.144455791,2.7,0.008992836,0.03,0.1,1,0.585069453,0.440295299,0.440295299,simulationGroup1
54,4.132851589,0.535186557,0.408281329,0.144455791,2.7,0.008992836,0.03,0.1,1,0.585069453,0.440295299,0.440295299,simulationGroup1
55,4.132851589,0.535186557,0.408281329,0.144455791,2.7,0.008992836,0.03,0.1,1,0.585069453,0.440295299,0.440295299,simulationGroup1
56,4.132851589,0.535186557,0.408281329,0.144455791,2.7,0.008992836,0.03,0.1,1,0.585069453,0.440295299,0.440295299,simulationGroup1
57,4.132851589,0.535186557,0.408281329,0.144455791,2.7,0.008992836,0.03,0.1,1,0.585069453,0.440295299,0.440295299,simulationGroup1
58,4.132851589,0.535186557,0.408281329,0.144455791,2.7,0.008992836,0.03,0.1,1,0.585069453,0.440295299,0.440295299,simulationGroup1
59,4.132851589,0.535186557,0.408281329,0.144455791,2.7,0.008992836,0.03,0.1,1,0.585069453,0.440295299,0.440295299,simulationGroup1
60,4.132851589,0.535186557,0.408281329,0.144455791,2.7,0.008992836,0.03,0.1,1,0.585069453,0.440295299,0.440295299,simulationGroup1
61,4.132851589,0.535186557,0.408281329,0.144455791,2.7,0.008992836,0.03,0.1,1,0.585069453,0.440295299,0.440295299,simulationGroup1
62,4.132851589,0.535186557,0.408281329,0.144455791,2.7,0.008992836,0.03,0.1,1,0.585069453,0.440295299,0.440295299,simulationGroup1
63,4.132851589,0.535186557,0.408281329,0.144455791,2.7,0.008992836,0.03,0.1,1,0.585069453,0.440295299,0.440295299,simulationGroup1
64,4.132851589,0.535186557,0.408281329,0.144455791,2.7,0.008992836,0.03,0.1,1,0.585069453,0.440295299,0.440295299,simulationGroup1
65,4.132851589,0.535186557,0.408281329,0.144455791,2.7,0.008992836,0.03,0.1,1,0.585069453,0.440295299,0.440295299,simulationGroup1
66,4.132851589,0.535186557,0.408281329,0.144455791,2.7,0.008992836,0.03,0.1,1,0.585069453,0.440295299,0.440295299,simulationGroup1
67,4.132851589,0.535186557,0.408281329,0.144455791,2.7,0.008992836,0.03,0.1,1,0.585069453,0.440295299,0.440295299,simulationGroup1
68,4.132851589,0.535186557,0.408281329,0.144455791,2.7,0.008992836,0.03,0.1,1,0.585069453,0.440295299,0.440295299,simulationGroup1
69,4.132851589,0.535186557,0.408281329,0.144455791,2.7,0.008992836,0.03,0.1,1,0.585069453,0.440295299,0.440295299,simulationGroup1
70,4.132851589,0.535186557,0.408281329,0.144455791,2.7,0.008992836,0.03,0.1,1,0.585069453,0.440295299,0.440295299,simulationGroup1
71,4.132851589,0.535186557,0.408281329,0.144455791,2.7,0.008992836,0.03,0.1,1,0.585069453,0.440295299,0.440295299,simulationGroup1
72,4.132851589,0.535186557,0.408281329,0.144455791,2.7,0.008992836,0.03,0.1,1,0.585069453,0.440295299,0.440295299,simulationGroup1
73,4.132851589,0.535186557,0.408281329,0.144455791,2.7,0.008992836,0.03,0.1,1,0.585069453,0.440295299,0.440295299,simulationGroup1
74,4.132851589,0.535186557,0.408281329,0.144455791,2.7,0.008992836,0.03,0.1,1,0.585069453,0.440295299,0.440295299,simulationGroup1
75,4.132851589,0.535186557,0.408281329,0.144455791,2.7,0.008992836,0.03,0.1,1,0.585069453,0.440295299,0.440295299,simulationGroup1
76,4.132851589,0.535186557,0.408281329,0.144455791,2.7,0.008992836,0.03,0.1,1,0.585069453,0.440295299,0.440295299,simulationGroup1
77,4.132851589,0.535186557,0.408281329,0.144455791,2.7,0.008992836,0.03,0.1,1,0.585069453,0.440295299,0.440295299,simulationGroup1
78,4.132851589,0.535186557,0.408281329,0.144455791,2.7,0.008992836,0.03,0.1,1,0.585069453,0.440295299,0.440295299,simulationGroup1
79,4.132851589,0.535186557,0.408281329,0.144455791,2.7,0.008992836,0.03,0.1,1,0.585069453,0.440295299,0.440295299,simulationGroup1
80,4.132851589,0.535186557,0.408281329,0.144455791,2.7,0.008992836,0.03,0.1,1,0.585069453,0.440295299,0.440295299,simulationGroup1
81,4.132851589,0.535186557,0.408281329,0.144455791,2.7,0.008992836,0.03,0.1,1,0.585069453,0.440295299,0.440295299,simulationGroup1
82,4.132851589,0.535186557,0.408281329,0.144455791,2.7,0.008992836,0.03,0.1,1,0.585069453,0.440295299,0.440295299,simulationGroup1
83,4.132851589,0.535186557,0.408281329,0.144455791,2.7,0.008992836,0.03,0.1,1,0.585069453,0.440295299,0.440295299,simulationGroup1
84,4.132851589,0.535186557,0.408281329,0.144455791,2.7,0.008992836,0.03,0.1,1,0.585069453,0.440295299,0.440295299,simulationGroup1
85,4.132851589,0.535186557,0.408281329,0.144455791,2.7,0.008992836,0.03,0.1,1,0.585069453,0.440295299,0.440295299,simulationGroup1
86,4.132851589,0.535186557,0.408281329,0.144455791,2.7,0.008992836,0.03,0.1,1,0.585069453,0.440295299,0.440295299,simulationGroup1
87,4.132851589,0.535186557,0.408281329,0.144455791,2.7,0.008992836,0.03,0.1,1,0.585069453,0.440295299,0.440295299,simulationGroup1
88,4.132851589,0.535186557,0.408281329,0.144455791,2.7,0.008992836,0.03,0.1,1,0.585069453,0.440295299,0.440295299,simulationGroup1
89,4.132851589,0.535186557,0.408281329,0.144455791,2.7,0.008992836,0.03,0.1,1,0.585069453,0.440295299,0.440295299,simulationGroup1
90,4.132851589,0.535186557,0.408281329,0.144455791,2.7,0.008992836,0.03,0.1,1,0.585069453,0.440295299,0.440295299,simulationGroup1
91,4.132851589,0.535186557,0.408281329,0.144455791,2.7,0.008992836,0.03,0.1,1,0.585069453,0.440295299,0.440295299,simulationGroup1
92,4.132851589,0.535186557,0.408281329,0.144455791,2.7,0.008992836,0.03,0.1,1,0.585069453,0.440295299,0.440295299,simulationGroup1
93,4.132851589,0.535186557,0.408281329,0.144455791,2.7,0.008992836,0.03,0.1,1,0.585069453,0.440295299,0.440295299,simulationGroup1
94,4.132851589,0.535186557,0.408281329,0.144455791,2.7,0.008992836,0.03,0.1,1,0.585069453,0.440295299,0.440295299,simulationGroup1
95,4.132851589,0.535186557,0.408281329,0.144455791,2.7,0.008992836,0.03,0.1,1,0.585069453,0.440295299,0.440295299,simulationGroup1
96,4.132851589,0.535186557,0.408281329,0.144455791,2.7,0.008992836,0.03,0.1,1,0.585069453,0.440295299,0.440295299,simulationGroup1
97,4.132851589,0.535186557,0.408281329,0.144455791,2.7,0.008992836,0.03,0.1,1,0.585069453,0.440295299,0.440295299,simulationGroup1
98,4.132851589,0.535186557,0.408281329,0.144455791,2.7,0.008992836,0.03,0.1,1,0.585069453,0.440295299,0.440295299,simulationGroup1
99,4.132851589,0.535186557,0.408281329,0.144455791,2.7,0.008992836,0.03,0.1,1,0.585069453,0.440295299,0.440295299,simulationGroup1
100,4.132851589,0.535186557,0.408281329,0.144455791,2.7,0.008992836,0.03,0.1,1,0.585069453,0.440295299,0.440295299,simulationGroup1
