rep,fM1_pop,omega_fM1,theta_pop,omega_theta,delta_V,delta_S,delta_Ab,alpha_1,alpha_2,sigma_Ab,sigma_1,sigma_2,group
1,4.5,0.8,18.7,0.5,2.7,0.01,0.03,0.1,0.54,0.23,0.1,0.1,simulationGroup1
1,4.5,0.8,18.7,0.5,2.7,0.01,0.03,0.1,0.54,0.23,0.1,0.1,simulationGroup2
2,4.5,0.8,18.7,0.5,2.7,0.01,0.03,0.1,0.54,0.23,0.1,0.1,simulationGroup1
2,4.5,0.8,18.7,0.5,2.7,0.01,0.03,0.1,0.54,0.23,0.1,0.1,simulationGroup2
3,4.5,0.8,18.7,0.5,2.7,0.01,0.03,0.1,0.54,0.23,0.1,0.1,simulationGroup1
3,4.5,0.8,18.7,0.5,2.7,0.01,0.03,0.1,0.54,0.23,0.1,0.1,simulationGroup2
4,4.5,0.8,18.7,0.5,2.7,0.01,0.03,0.1,0.54,0.23,0.1,0.1,simulationGroup1
4,4.5,0.8,18.7,0.5,2.7,0.01,0.03,0.1,0.54,0.23,0.1,0.1,simulationGroup2
5,4.5,0.8,18.7,0.5,2.7,0.01,0.03,0.1,0.54,0.23,0.1,0.1,simulationGroup1
5,4.5,0.8,18.7,0.5,2.7,0.01,0.03,0.1,0.54,0.23,0.1,0.1,simulationGroup2
6,4.5,0.8,18.7,0.5,2.7,0.01,0.03,0.1,0.54,0.23,0.1,0.1,simulationGroup1
6,4.5,0.8,18.7,0.5,2.7,0.01,0.03,0.1,0.54,0.23,0.1,0.1,simulationGroup2
7,4.5,0.8,18.7,0.5,2.7,0.01,0.03,0.1,0.54,0.23,0.1,0.1,simulationGroup1
7,4.5,0.8,18.7,0.5,2.7,0.01,0.03,0.1,0.54,0.23,0.1,0.1,simulationGroup2
8,4.5,0.8,18.7,0.5,2.7,0.01,0.03,0.1,0.54,0.23,0.1,0.1,simulationGroup1
8,4.5,0.8,18.7,0.5,2.7,0.01,0.03,0.1,0.54,0.23,0.1,0.1,simulationGroup2
9,4.5,0.8,18.7,0.5,2.7,0.01,0.03,0.1,0.54,0.23,0.1,0.1,simulationGroup1
9,4.5,0.8,18.7,0.5,2.7,0.01,0.03,0.1,0.54,0.23,0.1,0.1,simulationGroup2
10,4.5,0.8,18.7,0.5,2.7,0.01,0.03,0.1,0.54,0.23,0.1,0.1,simulationGroup1
10,4.5,0.8,18.7,0.5,2.7,0.01,0.03,0.1,0.54,0.23,0.1,0.1,simulationGroup2
11,4.5,0.8,18.7,0.5,2.7,0.01,0.03,0.1,0.54,0.23,0.1,0.1,simulationGroup1
11,4.5,0.8,18.7,0.5,2.7,0.01,0.03,0.1,0.54,0.23,0.1,0.1,simulationGroup2
12,4.5,0.8,18.7,0.5,2.7,0.01,0.03,0.1,0.54,0.23,0.1,0.1,simulationGroup1
12,4.5,0.8,18.7,0.5,2.7,0.01,0.03,0.1,0.54,0.23,0.1,0.1,simulationGroup2
13,4.5,0.8,18.7,0.5,2.7,0.01,0.03,0.1,0.54,0.23,0.1,0.1,simulationGroup1
13,4.5,0.8,18.7,0.5,2.7,0.01,0.03,0.1,0.54,0.23,0.1,0.1,simulationGroup2
14,4.5,0.8,18.7,0.5,2.7,0.01,0.03,0.1,0.54,0.23,0.1,0.1,simulationGroup1
14,4.5,0.8,18.7,0.5,2.7,0.01,0.03,0.1,0.54,0.23,0.1,0.1,simulationGroup2
15,4.5,0.8,18.7,0.5,2.7,0.01,0.03,0.1,0.54,0.23,0.1,0.1,simulationGroup1
15,4.5,0.8,18.7,0.5,2.7,0.01,0.03,0.1,0.54,0.23,0.1,0.1,simulationGroup2
16,4.5,0.8,18.7,0.5,2.7,0.01,0.03,0.1,0.54,0.23,0.1,0.1,simulationGroup1
16,4.5,0.8,18.7,0.5,2.7,0.01,0.03,0.1,0.54,0.23,0.1,0.1,simulationGroup2
17,4.5,0.8,18.7,0.5,2.7,0.01,0.03,0.1,0.54,0.23,0.1,0.1,simulationGroup1
17,4.5,0.8,18.7,0.5,2.7,0.01,0.03,0.1,0.54,0.23,0.1,0.1,simulationGroup2
18,4.5,0.8,18.7,0.5,2.7,0.01,0.03,0.1,0.54,0.23,0.1,0.1,simulationGroup1
18,4.5,0.8,18.7,0.5,2.7,0.01,0.03,0.1,0.54,0.23,0.1,0.1,simulationGroup2
19,4.5,0.8,18.7,0.5,2.7,0.01,0.03,0.1,0.54,0.23,0.1,0.1,simulationGroup1
19,4.5,0.8,18.7,0.5,2.7,0.01,0.03,0.1,0.54,0.23,0.1,0.1,simulationGroup2
20,4.5,0.8,18.7,0.5,2.7,0.01,0.03,0.1,0.54,0.23,0.1,0.1,simulationGroup1
20,4.5,0.8,18.7,0.5,2.7,0.01,0.03,0.1,0.54,0.23,0.1,0.1,simulationGroup2
21,4.5,0.8,18.7,0.5,2.7,0.01,0.03,0.1,0.54,0.23,0.1,0.1,simulationGroup1
21,4.5,0.8,18.7,0.5,2.7,0.01,0.03,0.1,0.54,0.23,0.1,0.1,simulationGroup2
22,4.5,0.8,18.7,0.5,2.7,0.01,0.03,0.1,0.54,0.23,0.1,0.1,simulationGroup1
22,4.5,0.8,18.7,0.5,2.7,0.01,0.03,0.1,0.54,0.23,0.1,0.1,simulationGroup2
23,4.5,0.8,18.7,0.5,2.7,0.01,0.03,0.1,0.54,0.23,0.1,0.1,simulationGroup1
23,4.5,0.8,18.7,0.5,2.7,0.01,0.03,0.1,0.54,0.23,0.1,0.1,simulationGroup2
24,4.5,0.8,18.7,0.5,2.7,0.01,0.03,0.1,0.54,0.23,0.1,0.1,simulationGroup1
24,4.5,0.8,18.7,0.5,2.7,0.01,0.03,0.1,0.54,0.23,0.1,0.1,simulationGroup2
25,4.5,0.8,18.7,0.5,2.7,0.01,0.03,0.1,0.54,0.23,0.1,0.1,simulationGroup1
25,4.5,0.8,18.7,0.5,2.7,0.01,0.03,0.1,0.54,0.23,0.1,0.1,simulationGroup2
26,4.5,0.8,18.7,0.5,2.7,0.01,0.03,0.1,0.54,0.23,0.1,0.1,simulationGroup1
26,4.5,0.8,18.7,0.5,2.7,0.01,0.03,0.1,0.54,0.23,0.1,0.1,simulationGroup2
27,4.5,0.8,18.7,0.5,2.7,0.01,0.03,0.1,0.54,0.23,0.1,0.1,simulationGroup1
27,4.5,0.8,18.7,0.5,2.7,0.01,0.03,0.1,0.54,0.23,0.1,0.1,simulationGroup2
28,4.5,0.8,18.7,0.5,2.7,0.01,0.03,0.1,0.54,0.23,0.1,0.1,simulationGroup1
28,4.5,0.8,18.7,0.5,2.7,0.01,0.03,0.1,0.54,0.23,0.1,0.1,simulationGroup2
29,4.5,0.8,18.7,0.5,2.7,0.01,0.03,0.1,0.54,0.23,0.1,0.1,simulationGroup1
29,4.5,0.8,18.7,0.5,2.7,0.01,0.03,0.1,0.54,0.23,0.1,0.1,simulationGroup2
30,4.5,0.8,18.7,0.5,2.7,0.01,0.03,0.1,0.54,0.23,0.1,0.1,simulationGroup1
30,4.5,0.8,18.7,0.5,2.7,0.01,0.03,0.1,0.54,0.23,0.1,0.1,simulationGroup2
31,4.5,0.8,18.7,0.5,2.7,0.01,0.03,0.1,0.54,0.23,0.1,0.1,simulationGroup1
31,4.5,0.8,18.7,0.5,2.7,0.01,0.03,0.1,0.54,0.23,0.1,0.1,simulationGroup2
32,4.5,0.8,18.7,0.5,2.7,0.01,0.03,0.1,0.54,0.23,0.1,0.1,simulationGroup1
32,4.5,0.8,18.7,0.5,2.7,0.01,0.03,0.1,0.54,0.23,0.1,0.1,simulationGroup2
33,4.5,0.8,18.7,0.5,2.7,0.01,0.03,0.1,0.54,0.23,0.1,0.1,simulationGroup1
33,4.5,0.8,18.7,0.5,2.7,0.01,0.03,0.1,0.54,0.23,0.1,0.1,simulationGroup2
34,4.5,0.8,18.7,0.5,2.7,0.01,0.03,0.1,0.54,0.23,0.1,0.1,simulationGroup1
34,4.5,0.8,18.7,0.5,2.7,0.01,0.03,0.1,0.54,0.23,0.1,0.1,simulationGroup2
35,4.5,0.8,18.7,0.5,2.7,0.01,0.03,0.1,0.54,0.23,0.1,0.1,simulationGroup1
35,4.5,0.8,18.7,0.5,2.7,0.01,0.03,0.1,0.54,0.23,0.1,0.1,simulationGroup2
36,4.5,0.8,18.7,0.5,2.7,0.01,0.03,0.1,0.54,0.23,0.1,0.1,simulationGroup1
36,4.5,0.8,18.7,0.5,2.7,0.01,0.03,0.1,0.54,0.23,0.1,0.1,simulationGroup2
37,4.5,0.8,18.7,0.5,2.7,0.01,0.03,0.1,0.54,0.23,0.1,0.1,simulationGroup1
37,4.5,0.8,18.7,0.5,2.7,0.01,0.03,0.1,0.54,0.23,0.1,0.1,simulationGroup2
38,4.5,0.8,18.7,0.5,2.7,0.01,0.03,0.1,0.54,0.23,0.1,0.1,simulationGroup1
38,4.5,0.8,18.7,0.5,2.7,0.01,0.03,0.1,0.54,0.23,0.1,0.1,simulationGroup2
39,4.5,0.8,18.7,0.5,2.7,0.01,0.03,0.1,0.54,0.23,0.1,0.1,simulationGroup1
39,4.5,0.8,18.7,0.5,2.7,0.01,0.03,0.1,0.54,0.23,0.1,0.1,simulationGroup2
40,4.5,0.8,18.7,0.5,2.7,0.01,0.03,0.1,0.54,0.23,0.1,0.1,simulationGroup1
40,4.5,0.8,18.7,0.5,2.7,0.01,0.03,0.1,0.54,0.23,0.1,0.1,simulationGroup2
41,4.5,0.8,18.7,0.5,2.7,0.01,0.03,0.1,0.54,0.23,0.1,0.1,simulationGroup1
41,4.5,0.8,18.7,0.5,2.7,0.01,0.03,0.1,0.54,0.23,0.1,0.1,simulationGroup2
42,4.5,0.8,18.7,0.5,2.7,0.01,0.03,0.1,0.54,0.23,0.1,0.1,simulationGroup1
42,4.5,0.8,18.7,0.5,2.7,0.01,0.03,0.1,0.54,0.23,0.1,0.1,simulationGroup2
43,4.5,0.8,18.7,0.5,2.7,0.01,0.03,0.1,0.54,0.23,0.1,0.1,simulationGroup1
43,4.5,0.8,18.7,0.5,2.7,0.01,0.03,0.1,0.54,0.23,0.1,0.1,simulationGroup2
44,4.5,0.8,18.7,0.5,2.7,0.01,0.03,0.1,0.54,0.23,0.1,0.1,simulationGroup1
44,4.5,0.8,18.7,0.5,2.7,0.01,0.03,0.1,0.54,0.23,0.1,0.1,simulationGroup2
45,4.5,0.8,18.7,0.5,2.7,0.01,0.03,0.1,0.54,0.23,0.1,0.1,simulationGroup1
45,4.5,0.8,18.7,0.5,2.7,0.01,0.03,0.1,0.54,0.23,0.1,0.1,simulationGroup2
46,4.5,0.8,18.7,0.5,2.7,0.01,0.03,0.1,0.54,0.23,0.1,0.1,simulationGroup1
46,4.5,0.8,18.7,0.5,2.7,0.01,0.03,0.1,0.54,0.23,0.1,0.1,simulationGroup2
47,4.5,0.8,18.7,0.5,2.7,0.01,0.03,0.1,0.54,0.23,0.1,0.1,simulationGroup1
47,4.5,0.8,18.7,0.5,2.7,0.01,0.03,0.1,0.54,0.23,0.1,0.1,simulationGroup2
48,4.5,0.8,18.7,0.5,2.7,0.01,0.03,0.1,0.54,0.23,0.1,0.1,simulationGroup1
48,4.5,0.8,18.7,0.5,2.7,0.01,0.03,0.1,0.54,0.23,0.1,0.1,simulationGroup2
49,4.5,0.8,18.7,0.5,2.7,0.01,0.03,0.1,0.54,0.23,0.1,0.1,simulationGroup1
49,4.5,0.8,18.7,0.5,2.7,0.01,0.03,0.1,0.54,0.23,0.1,0.1,simulationGroup2
50,4.5,0.8,18.7,0.5,2.7,0.01,0.03,0.1,0.54,0.23,0.1,0.1,simulationGroup1
50,4.5,0.8,18.7,0.5,2.7,0.01,0.03,0.1,0.54,0.23,0.1,0.1,simulationGroup2
51,4.5,0.8,18.7,0.5,2.7,0.01,0.03,0.1,0.54,0.23,0.1,0.1,simulationGroup1
51,4.5,0.8,18.7,0.5,2.7,0.01,0.03,0.1,0.54,0.23,0.1,0.1,simulationGroup2
52,4.5,0.8,18.7,0.5,2.7,0.01,0.03,0.1,0.54,0.23,0.1,0.1,simulationGroup1
52,4.5,0.8,18.7,0.5,2.7,0.01,0.03,0.1,0.54,0.23,0.1,0.1,simulationGroup2
53,4.5,0.8,18.7,0.5,2.7,0.01,0.03,0.1,0.54,0.23,0.1,0.1,simulationGroup1
53,4.5,0.8,18.7,0.5,2.7,0.01,0.03,0.1,0.54,0.23,0.1,0.1,simulationGroup2
54,4.5,0.8,18.7,0.5,2.7,0.01,0.03,0.1,0.54,0.23,0.1,0.1,simulationGroup1
54,4.5,0.8,18.7,0.5,2.7,0.01,0.03,0.1,0.54,0.23,0.1,0.1,simulationGroup2
55,4.5,0.8,18.7,0.5,2.7,0.01,0.03,0.1,0.54,0.23,0.1,0.1,simulationGroup1
55,4.5,0.8,18.7,0.5,2.7,0.01,0.03,0.1,0.54,0.23,0.1,0.1,simulationGroup2
56,4.5,0.8,18.7,0.5,2.7,0.01,0.03,0.1,0.54,0.23,0.1,0.1,simulationGroup1
56,4.5,0.8,18.7,0.5,2.7,0.01,0.03,0.1,0.54,0.23,0.1,0.1,simulationGroup2
57,4.5,0.8,18.7,0.5,2.7,0.01,0.03,0.1,0.54,0.23,0.1,0.1,simulationGroup1
57,4.5,0.8,18.7,0.5,2.7,0.01,0.03,0.1,0.54,0.23,0.1,0.1,simulationGroup2
58,4.5,0.8,18.7,0.5,2.7,0.01,0.03,0.1,0.54,0.23,0.1,0.1,simulationGroup1
58,4.5,0.8,18.7,0.5,2.7,0.01,0.03,0.1,0.54,0.23,0.1,0.1,simulationGroup2
59,4.5,0.8,18.7,0.5,2.7,0.01,0.03,0.1,0.54,0.23,0.1,0.1,simulationGroup1
59,4.5,0.8,18.7,0.5,2.7,0.01,0.03,0.1,0.54,0.23,0.1,0.1,simulationGroup2
60,4.5,0.8,18.7,0.5,2.7,0.01,0.03,0.1,0.54,0.23,0.1,0.1,simulationGroup1
60,4.5,0.8,18.7,0.5,2.7,0.01,0.03,0.1,0.54,0.23,0.1,0.1,simulationGroup2
61,4.5,0.8,18.7,0.5,2.7,0.01,0.03,0.1,0.54,0.23,0.1,0.1,simulationGroup1
61,4.5,0.8,18.7,0.5,2.7,0.01,0.03,0.1,0.54,0.23,0.1,0.1,simulationGroup2
62,4.5,0.8,18.7,0.5,2.7,0.01,0.03,0.1,0.54,0.23,0.1,0.1,simulationGroup1
62,4.5,0.8,18.7,0.5,2.7,0.01,0.03,0.1,0.54,0.23,0.1,0.1,simulationGroup2
63,4.5,0.8,18.7,0.5,2.7,0.01,0.03,0.1,0.54,0.23,0.1,0.1,simulationGroup1
63,4.5,0.8,18.7,0.5,2.7,0.01,0.03,0.1,0.54,0.23,0.1,0.1,simulationGroup2
64,4.5,0.8,18.7,0.5,2.7,0.01,0.03,0.1,0.54,0.23,0.1,0.1,simulationGroup1
64,4.5,0.8,18.7,0.5,2.7,0.01,0.03,0.1,0.54,0.23,0.1,0.1,simulationGroup2
65,4.5,0.8,18.7,0.5,2.7,0.01,0.03,0.1,0.54,0.23,0.1,0.1,simulationGroup1
65,4.5,0.8,18.7,0.5,2.7,0.01,0.03,0.1,0.54,0.23,0.1,0.1,simulationGroup2
66,4.5,0.8,18.7,0.5,2.7,0.01,0.03,0.1,0.54,0.23,0.1,0.1,simulationGroup1
66,4.5,0.8,18.7,0.5,2.7,0.01,0.03,0.1,0.54,0.23,0.1,0.1,simulationGroup2
67,4.5,0.8,18.7,0.5,2.7,0.01,0.03,0.1,0.54,0.23,0.1,0.1,simulationGroup1
67,4.5,0.8,18.7,0.5,2.7,0.01,0.03,0.1,0.54,0.23,0.1,0.1,simulationGroup2
68,4.5,0.8,18.7,0.5,2.7,0.01,0.03,0.1,0.54,0.23,0.1,0.1,simulationGroup1
68,4.5,0.8,18.7,0.5,2.7,0.01,0.03,0.1,0.54,0.23,0.1,0.1,simulationGroup2
69,4.5,0.8,18.7,0.5,2.7,0.01,0.03,0.1,0.54,0.23,0.1,0.1,simulationGroup1
69,4.5,0.8,18.7,0.5,2.7,0.01,0.03,0.1,0.54,0.23,0.1,0.1,simulationGroup2
70,4.5,0.8,18.7,0.5,2.7,0.01,0.03,0.1,0.54,0.23,0.1,0.1,simulationGroup1
70,4.5,0.8,18.7,0.5,2.7,0.01,0.03,0.1,0.54,0.23,0.1,0.1,simulationGroup2
71,4.5,0.8,18.7,0.5,2.7,0.01,0.03,0.1,0.54,0.23,0.1,0.1,simulationGroup1
71,4.5,0.8,18.7,0.5,2.7,0.01,0.03,0.1,0.54,0.23,0.1,0.1,simulationGroup2
72,4.5,0.8,18.7,0.5,2.7,0.01,0.03,0.1,0.54,0.23,0.1,0.1,simulationGroup1
72,4.5,0.8,18.7,0.5,2.7,0.01,0.03,0.1,0.54,0.23,0.1,0.1,simulationGroup2
73,4.5,0.8,18.7,0.5,2.7,0.01,0.03,0.1,0.54,0.23,0.1,0.1,simulationGroup1
73,4.5,0.8,18.7,0.5,2.7,0.01,0.03,0.1,0.54,0.23,0.1,0.1,simulationGroup2
74,4.5,0.8,18.7,0.5,2.7,0.01,0.03,0.1,0.54,0.23,0.1,0.1,simulationGroup1
74,4.5,0.8,18.7,0.5,2.7,0.01,0.03,0.1,0.54,0.23,0.1,0.1,simulationGroup2
75,4.5,0.8,18.7,0.5,2.7,0.01,0.03,0.1,0.54,0.23,0.1,0.1,simulationGroup1
75,4.5,0.8,18.7,0.5,2.7,0.01,0.03,0.1,0.54,0.23,0.1,0.1,simulationGroup2
76,4.5,0.8,18.7,0.5,2.7,0.01,0.03,0.1,0.54,0.23,0.1,0.1,simulationGroup1
76,4.5,0.8,18.7,0.5,2.7,0.01,0.03,0.1,0.54,0.23,0.1,0.1,simulationGroup2
77,4.5,0.8,18.7,0.5,2.7,0.01,0.03,0.1,0.54,0.23,0.1,0.1,simulationGroup1
77,4.5,0.8,18.7,0.5,2.7,0.01,0.03,0.1,0.54,0.23,0.1,0.1,simulationGroup2
78,4.5,0.8,18.7,0.5,2.7,0.01,0.03,0.1,0.54,0.23,0.1,0.1,simulationGroup1
78,4.5,0.8,18.7,0.5,2.7,0.01,0.03,0.1,0.54,0.23,0.1,0.1,simulationGroup2
79,4.5,0.8,18.7,0.5,2.7,0.01,0.03,0.1,0.54,0.23,0.1,0.1,simulationGroup1
79,4.5,0.8,18.7,0.5,2.7,0.01,0.03,0.1,0.54,0.23,0.1,0.1,simulationGroup2
80,4.5,0.8,18.7,0.5,2.7,0.01,0.03,0.1,0.54,0.23,0.1,0.1,simulationGroup1
80,4.5,0.8,18.7,0.5,2.7,0.01,0.03,0.1,0.54,0.23,0.1,0.1,simulationGroup2
81,4.5,0.8,18.7,0.5,2.7,0.01,0.03,0.1,0.54,0.23,0.1,0.1,simulationGroup1
81,4.5,0.8,18.7,0.5,2.7,0.01,0.03,0.1,0.54,0.23,0.1,0.1,simulationGroup2
82,4.5,0.8,18.7,0.5,2.7,0.01,0.03,0.1,0.54,0.23,0.1,0.1,simulationGroup1
82,4.5,0.8,18.7,0.5,2.7,0.01,0.03,0.1,0.54,0.23,0.1,0.1,simulationGroup2
83,4.5,0.8,18.7,0.5,2.7,0.01,0.03,0.1,0.54,0.23,0.1,0.1,simulationGroup1
83,4.5,0.8,18.7,0.5,2.7,0.01,0.03,0.1,0.54,0.23,0.1,0.1,simulationGroup2
84,4.5,0.8,18.7,0.5,2.7,0.01,0.03,0.1,0.54,0.23,0.1,0.1,simulationGroup1
84,4.5,0.8,18.7,0.5,2.7,0.01,0.03,0.1,0.54,0.23,0.1,0.1,simulationGroup2
85,4.5,0.8,18.7,0.5,2.7,0.01,0.03,0.1,0.54,0.23,0.1,0.1,simulationGroup1
85,4.5,0.8,18.7,0.5,2.7,0.01,0.03,0.1,0.54,0.23,0.1,0.1,simulationGroup2
86,4.5,0.8,18.7,0.5,2.7,0.01,0.03,0.1,0.54,0.23,0.1,0.1,simulationGroup1
86,4.5,0.8,18.7,0.5,2.7,0.01,0.03,0.1,0.54,0.23,0.1,0.1,simulationGroup2
87,4.5,0.8,18.7,0.5,2.7,0.01,0.03,0.1,0.54,0.23,0.1,0.1,simulationGroup1
87,4.5,0.8,18.7,0.5,2.7,0.01,0.03,0.1,0.54,0.23,0.1,0.1,simulationGroup2
88,4.5,0.8,18.7,0.5,2.7,0.01,0.03,0.1,0.54,0.23,0.1,0.1,simulationGroup1
88,4.5,0.8,18.7,0.5,2.7,0.01,0.03,0.1,0.54,0.23,0.1,0.1,simulationGroup2
89,4.5,0.8,18.7,0.5,2.7,0.01,0.03,0.1,0.54,0.23,0.1,0.1,simulationGroup1
89,4.5,0.8,18.7,0.5,2.7,0.01,0.03,0.1,0.54,0.23,0.1,0.1,simulationGroup2
90,4.5,0.8,18.7,0.5,2.7,0.01,0.03,0.1,0.54,0.23,0.1,0.1,simulationGroup1
90,4.5,0.8,18.7,0.5,2.7,0.01,0.03,0.1,0.54,0.23,0.1,0.1,simulationGroup2
91,4.5,0.8,18.7,0.5,2.7,0.01,0.03,0.1,0.54,0.23,0.1,0.1,simulationGroup1
91,4.5,0.8,18.7,0.5,2.7,0.01,0.03,0.1,0.54,0.23,0.1,0.1,simulationGroup2
92,4.5,0.8,18.7,0.5,2.7,0.01,0.03,0.1,0.54,0.23,0.1,0.1,simulationGroup1
92,4.5,0.8,18.7,0.5,2.7,0.01,0.03,0.1,0.54,0.23,0.1,0.1,simulationGroup2
93,4.5,0.8,18.7,0.5,2.7,0.01,0.03,0.1,0.54,0.23,0.1,0.1,simulationGroup1
93,4.5,0.8,18.7,0.5,2.7,0.01,0.03,0.1,0.54,0.23,0.1,0.1,simulationGroup2
94,4.5,0.8,18.7,0.5,2.7,0.01,0.03,0.1,0.54,0.23,0.1,0.1,simulationGroup1
94,4.5,0.8,18.7,0.5,2.7,0.01,0.03,0.1,0.54,0.23,0.1,0.1,simulationGroup2
95,4.5,0.8,18.7,0.5,2.7,0.01,0.03,0.1,0.54,0.23,0.1,0.1,simulationGroup1
95,4.5,0.8,18.7,0.5,2.7,0.01,0.03,0.1,0.54,0.23,0.1,0.1,simulationGroup2
96,4.5,0.8,18.7,0.5,2.7,0.01,0.03,0.1,0.54,0.23,0.1,0.1,simulationGroup1
96,4.5,0.8,18.7,0.5,2.7,0.01,0.03,0.1,0.54,0.23,0.1,0.1,simulationGroup2
97,4.5,0.8,18.7,0.5,2.7,0.01,0.03,0.1,0.54,0.23,0.1,0.1,simulationGroup1
97,4.5,0.8,18.7,0.5,2.7,0.01,0.03,0.1,0.54,0.23,0.1,0.1,simulationGroup2
98,4.5,0.8,18.7,0.5,2.7,0.01,0.03,0.1,0.54,0.23,0.1,0.1,simulationGroup1
98,4.5,0.8,18.7,0.5,2.7,0.01,0.03,0.1,0.54,0.23,0.1,0.1,simulationGroup2
99,4.5,0.8,18.7,0.5,2.7,0.01,0.03,0.1,0.54,0.23,0.1,0.1,simulationGroup1
99,4.5,0.8,18.7,0.5,2.7,0.01,0.03,0.1,0.54,0.23,0.1,0.1,simulationGroup2
100,4.5,0.8,18.7,0.5,2.7,0.01,0.03,0.1,0.54,0.23,0.1,0.1,simulationGroup1
100,4.5,0.8,18.7,0.5,2.7,0.01,0.03,0.1,0.54,0.23,0.1,0.1,simulationGroup2
