rep,fM1_pop,omega_fM1,theta_pop,omega_theta,delta_V,delta_S,delta_Ab,alpha,k,sigma_Ab,sigma_G1,sigma_G2,group
1,15,0.5600000000000001,1.3,0.4,2.7,0.01,0.03,0.2,0.25,0.25,0.5,0.1,simulationGroup1
1,15,0.5600000000000001,1.3,0.4,2.7,0.01,0.03,0.2,0.25,0.25,0.5,0.1,simulationGroup2
2,15,0.5600000000000001,1.3,0.4,2.7,0.01,0.03,0.2,0.25,0.25,0.5,0.1,simulationGroup1
2,15,0.5600000000000001,1.3,0.4,2.7,0.01,0.03,0.2,0.25,0.25,0.5,0.1,simulationGroup2
3,15,0.5600000000000001,1.3,0.4,2.7,0.01,0.03,0.2,0.25,0.25,0.5,0.1,simulationGroup1
3,15,0.5600000000000001,1.3,0.4,2.7,0.01,0.03,0.2,0.25,0.25,0.5,0.1,simulationGroup2
4,15,0.5600000000000001,1.3,0.4,2.7,0.01,0.03,0.2,0.25,0.25,0.5,0.1,simulationGroup1
4,15,0.5600000000000001,1.3,0.4,2.7,0.01,0.03,0.2,0.25,0.25,0.5,0.1,simulationGroup2
5,15,0.5600000000000001,1.3,0.4,2.7,0.01,0.03,0.2,0.25,0.25,0.5,0.1,simulationGroup1
5,15,0.5600000000000001,1.3,0.4,2.7,0.01,0.03,0.2,0.25,0.25,0.5,0.1,simulationGroup2
6,15,0.5600000000000001,1.3,0.4,2.7,0.01,0.03,0.2,0.25,0.25,0.5,0.1,simulationGroup1
6,15,0.5600000000000001,1.3,0.4,2.7,0.01,0.03,0.2,0.25,0.25,0.5,0.1,simulationGroup2
7,15,0.5600000000000001,1.3,0.4,2.7,0.01,0.03,0.2,0.25,0.25,0.5,0.1,simulationGroup1
7,15,0.5600000000000001,1.3,0.4,2.7,0.01,0.03,0.2,0.25,0.25,0.5,0.1,simulationGroup2
8,15,0.5600000000000001,1.3,0.4,2.7,0.01,0.03,0.2,0.25,0.25,0.5,0.1,simulationGroup1
8,15,0.5600000000000001,1.3,0.4,2.7,0.01,0.03,0.2,0.25,0.25,0.5,0.1,simulationGroup2
9,15,0.5600000000000001,1.3,0.4,2.7,0.01,0.03,0.2,0.25,0.25,0.5,0.1,simulationGroup1
9,15,0.5600000000000001,1.3,0.4,2.7,0.01,0.03,0.2,0.25,0.25,0.5,0.1,simulationGroup2
10,15,0.5600000000000001,1.3,0.4,2.7,0.01,0.03,0.2,0.25,0.25,0.5,0.1,simulationGroup1
10,15,0.5600000000000001,1.3,0.4,2.7,0.01,0.03,0.2,0.25,0.25,0.5,0.1,simulationGroup2
11,15,0.5600000000000001,1.3,0.4,2.7,0.01,0.03,0.2,0.25,0.25,0.5,0.1,simulationGroup1
11,15,0.5600000000000001,1.3,0.4,2.7,0.01,0.03,0.2,0.25,0.25,0.5,0.1,simulationGroup2
12,15,0.5600000000000001,1.3,0.4,2.7,0.01,0.03,0.2,0.25,0.25,0.5,0.1,simulationGroup1
12,15,0.5600000000000001,1.3,0.4,2.7,0.01,0.03,0.2,0.25,0.25,0.5,0.1,simulationGroup2
13,15,0.5600000000000001,1.3,0.4,2.7,0.01,0.03,0.2,0.25,0.25,0.5,0.1,simulationGroup1
13,15,0.5600000000000001,1.3,0.4,2.7,0.01,0.03,0.2,0.25,0.25,0.5,0.1,simulationGroup2
14,15,0.5600000000000001,1.3,0.4,2.7,0.01,0.03,0.2,0.25,0.25,0.5,0.1,simulationGroup1
14,15,0.5600000000000001,1.3,0.4,2.7,0.01,0.03,0.2,0.25,0.25,0.5,0.1,simulationGroup2
15,15,0.5600000000000001,1.3,0.4,2.7,0.01,0.03,0.2,0.25,0.25,0.5,0.1,simulationGroup1
15,15,0.5600000000000001,1.3,0.4,2.7,0.01,0.03,0.2,0.25,0.25,0.5,0.1,simulationGroup2
16,15,0.5600000000000001,1.3,0.4,2.7,0.01,0.03,0.2,0.25,0.25,0.5,0.1,simulationGroup1
16,15,0.5600000000000001,1.3,0.4,2.7,0.01,0.03,0.2,0.25,0.25,0.5,0.1,simulationGroup2
17,15,0.5600000000000001,1.3,0.4,2.7,0.01,0.03,0.2,0.25,0.25,0.5,0.1,simulationGroup1
17,15,0.5600000000000001,1.3,0.4,2.7,0.01,0.03,0.2,0.25,0.25,0.5,0.1,simulationGroup2
18,15,0.5600000000000001,1.3,0.4,2.7,0.01,0.03,0.2,0.25,0.25,0.5,0.1,simulationGroup1
18,15,0.5600000000000001,1.3,0.4,2.7,0.01,0.03,0.2,0.25,0.25,0.5,0.1,simulationGroup2
19,15,0.5600000000000001,1.3,0.4,2.7,0.01,0.03,0.2,0.25,0.25,0.5,0.1,simulationGroup1
19,15,0.5600000000000001,1.3,0.4,2.7,0.01,0.03,0.2,0.25,0.25,0.5,0.1,simulationGroup2
20,15,0.5600000000000001,1.3,0.4,2.7,0.01,0.03,0.2,0.25,0.25,0.5,0.1,simulationGroup1
20,15,0.5600000000000001,1.3,0.4,2.7,0.01,0.03,0.2,0.25,0.25,0.5,0.1,simulationGroup2
21,15,0.5600000000000001,1.3,0.4,2.7,0.01,0.03,0.2,0.25,0.25,0.5,0.1,simulationGroup1
21,15,0.5600000000000001,1.3,0.4,2.7,0.01,0.03,0.2,0.25,0.25,0.5,0.1,simulationGroup2
22,15,0.5600000000000001,1.3,0.4,2.7,0.01,0.03,0.2,0.25,0.25,0.5,0.1,simulationGroup1
22,15,0.5600000000000001,1.3,0.4,2.7,0.01,0.03,0.2,0.25,0.25,0.5,0.1,simulationGroup2
23,15,0.5600000000000001,1.3,0.4,2.7,0.01,0.03,0.2,0.25,0.25,0.5,0.1,simulationGroup1
23,15,0.5600000000000001,1.3,0.4,2.7,0.01,0.03,0.2,0.25,0.25,0.5,0.1,simulationGroup2
24,15,0.5600000000000001,1.3,0.4,2.7,0.01,0.03,0.2,0.25,0.25,0.5,0.1,simulationGroup1
24,15,0.5600000000000001,1.3,0.4,2.7,0.01,0.03,0.2,0.25,0.25,0.5,0.1,simulationGroup2
25,15,0.5600000000000001,1.3,0.4,2.7,0.01,0.03,0.2,0.25,0.25,0.5,0.1,simulationGroup1
25,15,0.5600000000000001,1.3,0.4,2.7,0.01,0.03,0.2,0.25,0.25,0.5,0.1,simulationGroup2
26,15,0.5600000000000001,1.3,0.4,2.7,0.01,0.03,0.2,0.25,0.25,0.5,0.1,simulationGroup1
26,15,0.5600000000000001,1.3,0.4,2.7,0.01,0.03,0.2,0.25,0.25,0.5,0.1,simulationGroup2
27,15,0.5600000000000001,1.3,0.4,2.7,0.01,0.03,0.2,0.25,0.25,0.5,0.1,simulationGroup1
27,15,0.5600000000000001,1.3,0.4,2.7,0.01,0.03,0.2,0.25,0.25,0.5,0.1,simulationGroup2
28,15,0.5600000000000001,1.3,0.4,2.7,0.01,0.03,0.2,0.25,0.25,0.5,0.1,simulationGroup1
28,15,0.5600000000000001,1.3,0.4,2.7,0.01,0.03,0.2,0.25,0.25,0.5,0.1,simulationGroup2
29,15,0.5600000000000001,1.3,0.4,2.7,0.01,0.03,0.2,0.25,0.25,0.5,0.1,simulationGroup1
29,15,0.5600000000000001,1.3,0.4,2.7,0.01,0.03,0.2,0.25,0.25,0.5,0.1,simulationGroup2
30,15,0.5600000000000001,1.3,0.4,2.7,0.01,0.03,0.2,0.25,0.25,0.5,0.1,simulationGroup1
30,15,0.5600000000000001,1.3,0.4,2.7,0.01,0.03,0.2,0.25,0.25,0.5,0.1,simulationGroup2
31,15,0.5600000000000001,1.3,0.4,2.7,0.01,0.03,0.2,0.25,0.25,0.5,0.1,simulationGroup1
31,15,0.5600000000000001,1.3,0.4,2.7,0.01,0.03,0.2,0.25,0.25,0.5,0.1,simulationGroup2
32,15,0.5600000000000001,1.3,0.4,2.7,0.01,0.03,0.2,0.25,0.25,0.5,0.1,simulationGroup1
32,15,0.5600000000000001,1.3,0.4,2.7,0.01,0.03,0.2,0.25,0.25,0.5,0.1,simulationGroup2
33,15,0.5600000000000001,1.3,0.4,2.7,0.01,0.03,0.2,0.25,0.25,0.5,0.1,simulationGroup1
33,15,0.5600000000000001,1.3,0.4,2.7,0.01,0.03,0.2,0.25,0.25,0.5,0.1,simulationGroup2
34,15,0.5600000000000001,1.3,0.4,2.7,0.01,0.03,0.2,0.25,0.25,0.5,0.1,simulationGroup1
34,15,0.5600000000000001,1.3,0.4,2.7,0.01,0.03,0.2,0.25,0.25,0.5,0.1,simulationGroup2
35,15,0.5600000000000001,1.3,0.4,2.7,0.01,0.03,0.2,0.25,0.25,0.5,0.1,simulationGroup1
35,15,0.5600000000000001,1.3,0.4,2.7,0.01,0.03,0.2,0.25,0.25,0.5,0.1,simulationGroup2
36,15,0.5600000000000001,1.3,0.4,2.7,0.01,0.03,0.2,0.25,0.25,0.5,0.1,simulationGroup1
36,15,0.5600000000000001,1.3,0.4,2.7,0.01,0.03,0.2,0.25,0.25,0.5,0.1,simulationGroup2
37,15,0.5600000000000001,1.3,0.4,2.7,0.01,0.03,0.2,0.25,0.25,0.5,0.1,simulationGroup1
37,15,0.5600000000000001,1.3,0.4,2.7,0.01,0.03,0.2,0.25,0.25,0.5,0.1,simulationGroup2
38,15,0.5600000000000001,1.3,0.4,2.7,0.01,0.03,0.2,0.25,0.25,0.5,0.1,simulationGroup1
38,15,0.5600000000000001,1.3,0.4,2.7,0.01,0.03,0.2,0.25,0.25,0.5,0.1,simulationGroup2
39,15,0.5600000000000001,1.3,0.4,2.7,0.01,0.03,0.2,0.25,0.25,0.5,0.1,simulationGroup1
39,15,0.5600000000000001,1.3,0.4,2.7,0.01,0.03,0.2,0.25,0.25,0.5,0.1,simulationGroup2
40,15,0.5600000000000001,1.3,0.4,2.7,0.01,0.03,0.2,0.25,0.25,0.5,0.1,simulationGroup1
40,15,0.5600000000000001,1.3,0.4,2.7,0.01,0.03,0.2,0.25,0.25,0.5,0.1,simulationGroup2
41,15,0.5600000000000001,1.3,0.4,2.7,0.01,0.03,0.2,0.25,0.25,0.5,0.1,simulationGroup1
41,15,0.5600000000000001,1.3,0.4,2.7,0.01,0.03,0.2,0.25,0.25,0.5,0.1,simulationGroup2
42,15,0.5600000000000001,1.3,0.4,2.7,0.01,0.03,0.2,0.25,0.25,0.5,0.1,simulationGroup1
42,15,0.5600000000000001,1.3,0.4,2.7,0.01,0.03,0.2,0.25,0.25,0.5,0.1,simulationGroup2
43,15,0.5600000000000001,1.3,0.4,2.7,0.01,0.03,0.2,0.25,0.25,0.5,0.1,simulationGroup1
43,15,0.5600000000000001,1.3,0.4,2.7,0.01,0.03,0.2,0.25,0.25,0.5,0.1,simulationGroup2
44,15,0.5600000000000001,1.3,0.4,2.7,0.01,0.03,0.2,0.25,0.25,0.5,0.1,simulationGroup1
44,15,0.5600000000000001,1.3,0.4,2.7,0.01,0.03,0.2,0.25,0.25,0.5,0.1,simulationGroup2
45,15,0.5600000000000001,1.3,0.4,2.7,0.01,0.03,0.2,0.25,0.25,0.5,0.1,simulationGroup1
45,15,0.5600000000000001,1.3,0.4,2.7,0.01,0.03,0.2,0.25,0.25,0.5,0.1,simulationGroup2
46,15,0.5600000000000001,1.3,0.4,2.7,0.01,0.03,0.2,0.25,0.25,0.5,0.1,simulationGroup1
46,15,0.5600000000000001,1.3,0.4,2.7,0.01,0.03,0.2,0.25,0.25,0.5,0.1,simulationGroup2
47,15,0.5600000000000001,1.3,0.4,2.7,0.01,0.03,0.2,0.25,0.25,0.5,0.1,simulationGroup1
47,15,0.5600000000000001,1.3,0.4,2.7,0.01,0.03,0.2,0.25,0.25,0.5,0.1,simulationGroup2
48,15,0.5600000000000001,1.3,0.4,2.7,0.01,0.03,0.2,0.25,0.25,0.5,0.1,simulationGroup1
48,15,0.5600000000000001,1.3,0.4,2.7,0.01,0.03,0.2,0.25,0.25,0.5,0.1,simulationGroup2
49,15,0.5600000000000001,1.3,0.4,2.7,0.01,0.03,0.2,0.25,0.25,0.5,0.1,simulationGroup1
49,15,0.5600000000000001,1.3,0.4,2.7,0.01,0.03,0.2,0.25,0.25,0.5,0.1,simulationGroup2
50,15,0.5600000000000001,1.3,0.4,2.7,0.01,0.03,0.2,0.25,0.25,0.5,0.1,simulationGroup1
50,15,0.5600000000000001,1.3,0.4,2.7,0.01,0.03,0.2,0.25,0.25,0.5,0.1,simulationGroup2
51,15,0.5600000000000001,1.3,0.4,2.7,0.01,0.03,0.2,0.25,0.25,0.5,0.1,simulationGroup1
51,15,0.5600000000000001,1.3,0.4,2.7,0.01,0.03,0.2,0.25,0.25,0.5,0.1,simulationGroup2
52,15,0.5600000000000001,1.3,0.4,2.7,0.01,0.03,0.2,0.25,0.25,0.5,0.1,simulationGroup1
52,15,0.5600000000000001,1.3,0.4,2.7,0.01,0.03,0.2,0.25,0.25,0.5,0.1,simulationGroup2
53,15,0.5600000000000001,1.3,0.4,2.7,0.01,0.03,0.2,0.25,0.25,0.5,0.1,simulationGroup1
53,15,0.5600000000000001,1.3,0.4,2.7,0.01,0.03,0.2,0.25,0.25,0.5,0.1,simulationGroup2
54,15,0.5600000000000001,1.3,0.4,2.7,0.01,0.03,0.2,0.25,0.25,0.5,0.1,simulationGroup1
54,15,0.5600000000000001,1.3,0.4,2.7,0.01,0.03,0.2,0.25,0.25,0.5,0.1,simulationGroup2
55,15,0.5600000000000001,1.3,0.4,2.7,0.01,0.03,0.2,0.25,0.25,0.5,0.1,simulationGroup1
55,15,0.5600000000000001,1.3,0.4,2.7,0.01,0.03,0.2,0.25,0.25,0.5,0.1,simulationGroup2
56,15,0.5600000000000001,1.3,0.4,2.7,0.01,0.03,0.2,0.25,0.25,0.5,0.1,simulationGroup1
56,15,0.5600000000000001,1.3,0.4,2.7,0.01,0.03,0.2,0.25,0.25,0.5,0.1,simulationGroup2
57,15,0.5600000000000001,1.3,0.4,2.7,0.01,0.03,0.2,0.25,0.25,0.5,0.1,simulationGroup1
57,15,0.5600000000000001,1.3,0.4,2.7,0.01,0.03,0.2,0.25,0.25,0.5,0.1,simulationGroup2
58,15,0.5600000000000001,1.3,0.4,2.7,0.01,0.03,0.2,0.25,0.25,0.5,0.1,simulationGroup1
58,15,0.5600000000000001,1.3,0.4,2.7,0.01,0.03,0.2,0.25,0.25,0.5,0.1,simulationGroup2
59,15,0.5600000000000001,1.3,0.4,2.7,0.01,0.03,0.2,0.25,0.25,0.5,0.1,simulationGroup1
59,15,0.5600000000000001,1.3,0.4,2.7,0.01,0.03,0.2,0.25,0.25,0.5,0.1,simulationGroup2
60,15,0.5600000000000001,1.3,0.4,2.7,0.01,0.03,0.2,0.25,0.25,0.5,0.1,simulationGroup1
60,15,0.5600000000000001,1.3,0.4,2.7,0.01,0.03,0.2,0.25,0.25,0.5,0.1,simulationGroup2
61,15,0.5600000000000001,1.3,0.4,2.7,0.01,0.03,0.2,0.25,0.25,0.5,0.1,simulationGroup1
61,15,0.5600000000000001,1.3,0.4,2.7,0.01,0.03,0.2,0.25,0.25,0.5,0.1,simulationGroup2
62,15,0.5600000000000001,1.3,0.4,2.7,0.01,0.03,0.2,0.25,0.25,0.5,0.1,simulationGroup1
62,15,0.5600000000000001,1.3,0.4,2.7,0.01,0.03,0.2,0.25,0.25,0.5,0.1,simulationGroup2
63,15,0.5600000000000001,1.3,0.4,2.7,0.01,0.03,0.2,0.25,0.25,0.5,0.1,simulationGroup1
63,15,0.5600000000000001,1.3,0.4,2.7,0.01,0.03,0.2,0.25,0.25,0.5,0.1,simulationGroup2
64,15,0.5600000000000001,1.3,0.4,2.7,0.01,0.03,0.2,0.25,0.25,0.5,0.1,simulationGroup1
64,15,0.5600000000000001,1.3,0.4,2.7,0.01,0.03,0.2,0.25,0.25,0.5,0.1,simulationGroup2
65,15,0.5600000000000001,1.3,0.4,2.7,0.01,0.03,0.2,0.25,0.25,0.5,0.1,simulationGroup1
65,15,0.5600000000000001,1.3,0.4,2.7,0.01,0.03,0.2,0.25,0.25,0.5,0.1,simulationGroup2
66,15,0.5600000000000001,1.3,0.4,2.7,0.01,0.03,0.2,0.25,0.25,0.5,0.1,simulationGroup1
66,15,0.5600000000000001,1.3,0.4,2.7,0.01,0.03,0.2,0.25,0.25,0.5,0.1,simulationGroup2
67,15,0.5600000000000001,1.3,0.4,2.7,0.01,0.03,0.2,0.25,0.25,0.5,0.1,simulationGroup1
67,15,0.5600000000000001,1.3,0.4,2.7,0.01,0.03,0.2,0.25,0.25,0.5,0.1,simulationGroup2
68,15,0.5600000000000001,1.3,0.4,2.7,0.01,0.03,0.2,0.25,0.25,0.5,0.1,simulationGroup1
68,15,0.5600000000000001,1.3,0.4,2.7,0.01,0.03,0.2,0.25,0.25,0.5,0.1,simulationGroup2
69,15,0.5600000000000001,1.3,0.4,2.7,0.01,0.03,0.2,0.25,0.25,0.5,0.1,simulationGroup1
69,15,0.5600000000000001,1.3,0.4,2.7,0.01,0.03,0.2,0.25,0.25,0.5,0.1,simulationGroup2
70,15,0.5600000000000001,1.3,0.4,2.7,0.01,0.03,0.2,0.25,0.25,0.5,0.1,simulationGroup1
70,15,0.5600000000000001,1.3,0.4,2.7,0.01,0.03,0.2,0.25,0.25,0.5,0.1,simulationGroup2
71,15,0.5600000000000001,1.3,0.4,2.7,0.01,0.03,0.2,0.25,0.25,0.5,0.1,simulationGroup1
71,15,0.5600000000000001,1.3,0.4,2.7,0.01,0.03,0.2,0.25,0.25,0.5,0.1,simulationGroup2
72,15,0.5600000000000001,1.3,0.4,2.7,0.01,0.03,0.2,0.25,0.25,0.5,0.1,simulationGroup1
72,15,0.5600000000000001,1.3,0.4,2.7,0.01,0.03,0.2,0.25,0.25,0.5,0.1,simulationGroup2
73,15,0.5600000000000001,1.3,0.4,2.7,0.01,0.03,0.2,0.25,0.25,0.5,0.1,simulationGroup1
73,15,0.5600000000000001,1.3,0.4,2.7,0.01,0.03,0.2,0.25,0.25,0.5,0.1,simulationGroup2
74,15,0.5600000000000001,1.3,0.4,2.7,0.01,0.03,0.2,0.25,0.25,0.5,0.1,simulationGroup1
74,15,0.5600000000000001,1.3,0.4,2.7,0.01,0.03,0.2,0.25,0.25,0.5,0.1,simulationGroup2
75,15,0.5600000000000001,1.3,0.4,2.7,0.01,0.03,0.2,0.25,0.25,0.5,0.1,simulationGroup1
75,15,0.5600000000000001,1.3,0.4,2.7,0.01,0.03,0.2,0.25,0.25,0.5,0.1,simulationGroup2
76,15,0.5600000000000001,1.3,0.4,2.7,0.01,0.03,0.2,0.25,0.25,0.5,0.1,simulationGroup1
76,15,0.5600000000000001,1.3,0.4,2.7,0.01,0.03,0.2,0.25,0.25,0.5,0.1,simulationGroup2
77,15,0.5600000000000001,1.3,0.4,2.7,0.01,0.03,0.2,0.25,0.25,0.5,0.1,simulationGroup1
77,15,0.5600000000000001,1.3,0.4,2.7,0.01,0.03,0.2,0.25,0.25,0.5,0.1,simulationGroup2
78,15,0.5600000000000001,1.3,0.4,2.7,0.01,0.03,0.2,0.25,0.25,0.5,0.1,simulationGroup1
78,15,0.5600000000000001,1.3,0.4,2.7,0.01,0.03,0.2,0.25,0.25,0.5,0.1,simulationGroup2
79,15,0.5600000000000001,1.3,0.4,2.7,0.01,0.03,0.2,0.25,0.25,0.5,0.1,simulationGroup1
79,15,0.5600000000000001,1.3,0.4,2.7,0.01,0.03,0.2,0.25,0.25,0.5,0.1,simulationGroup2
80,15,0.5600000000000001,1.3,0.4,2.7,0.01,0.03,0.2,0.25,0.25,0.5,0.1,simulationGroup1
80,15,0.5600000000000001,1.3,0.4,2.7,0.01,0.03,0.2,0.25,0.25,0.5,0.1,simulationGroup2
81,15,0.5600000000000001,1.3,0.4,2.7,0.01,0.03,0.2,0.25,0.25,0.5,0.1,simulationGroup1
81,15,0.5600000000000001,1.3,0.4,2.7,0.01,0.03,0.2,0.25,0.25,0.5,0.1,simulationGroup2
82,15,0.5600000000000001,1.3,0.4,2.7,0.01,0.03,0.2,0.25,0.25,0.5,0.1,simulationGroup1
82,15,0.5600000000000001,1.3,0.4,2.7,0.01,0.03,0.2,0.25,0.25,0.5,0.1,simulationGroup2
83,15,0.5600000000000001,1.3,0.4,2.7,0.01,0.03,0.2,0.25,0.25,0.5,0.1,simulationGroup1
83,15,0.5600000000000001,1.3,0.4,2.7,0.01,0.03,0.2,0.25,0.25,0.5,0.1,simulationGroup2
84,15,0.5600000000000001,1.3,0.4,2.7,0.01,0.03,0.2,0.25,0.25,0.5,0.1,simulationGroup1
84,15,0.5600000000000001,1.3,0.4,2.7,0.01,0.03,0.2,0.25,0.25,0.5,0.1,simulationGroup2
85,15,0.5600000000000001,1.3,0.4,2.7,0.01,0.03,0.2,0.25,0.25,0.5,0.1,simulationGroup1
85,15,0.5600000000000001,1.3,0.4,2.7,0.01,0.03,0.2,0.25,0.25,0.5,0.1,simulationGroup2
86,15,0.5600000000000001,1.3,0.4,2.7,0.01,0.03,0.2,0.25,0.25,0.5,0.1,simulationGroup1
86,15,0.5600000000000001,1.3,0.4,2.7,0.01,0.03,0.2,0.25,0.25,0.5,0.1,simulationGroup2
87,15,0.5600000000000001,1.3,0.4,2.7,0.01,0.03,0.2,0.25,0.25,0.5,0.1,simulationGroup1
87,15,0.5600000000000001,1.3,0.4,2.7,0.01,0.03,0.2,0.25,0.25,0.5,0.1,simulationGroup2
88,15,0.5600000000000001,1.3,0.4,2.7,0.01,0.03,0.2,0.25,0.25,0.5,0.1,simulationGroup1
88,15,0.5600000000000001,1.3,0.4,2.7,0.01,0.03,0.2,0.25,0.25,0.5,0.1,simulationGroup2
89,15,0.5600000000000001,1.3,0.4,2.7,0.01,0.03,0.2,0.25,0.25,0.5,0.1,simulationGroup1
89,15,0.5600000000000001,1.3,0.4,2.7,0.01,0.03,0.2,0.25,0.25,0.5,0.1,simulationGroup2
90,15,0.5600000000000001,1.3,0.4,2.7,0.01,0.03,0.2,0.25,0.25,0.5,0.1,simulationGroup1
90,15,0.5600000000000001,1.3,0.4,2.7,0.01,0.03,0.2,0.25,0.25,0.5,0.1,simulationGroup2
91,15,0.5600000000000001,1.3,0.4,2.7,0.01,0.03,0.2,0.25,0.25,0.5,0.1,simulationGroup1
91,15,0.5600000000000001,1.3,0.4,2.7,0.01,0.03,0.2,0.25,0.25,0.5,0.1,simulationGroup2
92,15,0.5600000000000001,1.3,0.4,2.7,0.01,0.03,0.2,0.25,0.25,0.5,0.1,simulationGroup1
92,15,0.5600000000000001,1.3,0.4,2.7,0.01,0.03,0.2,0.25,0.25,0.5,0.1,simulationGroup2
93,15,0.5600000000000001,1.3,0.4,2.7,0.01,0.03,0.2,0.25,0.25,0.5,0.1,simulationGroup1
93,15,0.5600000000000001,1.3,0.4,2.7,0.01,0.03,0.2,0.25,0.25,0.5,0.1,simulationGroup2
94,15,0.5600000000000001,1.3,0.4,2.7,0.01,0.03,0.2,0.25,0.25,0.5,0.1,simulationGroup1
94,15,0.5600000000000001,1.3,0.4,2.7,0.01,0.03,0.2,0.25,0.25,0.5,0.1,simulationGroup2
95,15,0.5600000000000001,1.3,0.4,2.7,0.01,0.03,0.2,0.25,0.25,0.5,0.1,simulationGroup1
95,15,0.5600000000000001,1.3,0.4,2.7,0.01,0.03,0.2,0.25,0.25,0.5,0.1,simulationGroup2
96,15,0.5600000000000001,1.3,0.4,2.7,0.01,0.03,0.2,0.25,0.25,0.5,0.1,simulationGroup1
96,15,0.5600000000000001,1.3,0.4,2.7,0.01,0.03,0.2,0.25,0.25,0.5,0.1,simulationGroup2
97,15,0.5600000000000001,1.3,0.4,2.7,0.01,0.03,0.2,0.25,0.25,0.5,0.1,simulationGroup1
97,15,0.5600000000000001,1.3,0.4,2.7,0.01,0.03,0.2,0.25,0.25,0.5,0.1,simulationGroup2
98,15,0.5600000000000001,1.3,0.4,2.7,0.01,0.03,0.2,0.25,0.25,0.5,0.1,simulationGroup1
98,15,0.5600000000000001,1.3,0.4,2.7,0.01,0.03,0.2,0.25,0.25,0.5,0.1,simulationGroup2
99,15,0.5600000000000001,1.3,0.4,2.7,0.01,0.03,0.2,0.25,0.25,0.5,0.1,simulationGroup1
99,15,0.5600000000000001,1.3,0.4,2.7,0.01,0.03,0.2,0.25,0.25,0.5,0.1,simulationGroup2
100,15,0.5600000000000001,1.3,0.4,2.7,0.01,0.03,0.2,0.25,0.25,0.5,0.1,simulationGroup1
100,15,0.5600000000000001,1.3,0.4,2.7,0.01,0.03,0.2,0.25,0.25,0.5,0.1,simulationGroup2
